diamond 4 [optimal]-[r24](mm)(2023-04-17_20:00.036:1908)
 2023 04 17 20 036 0  0.05000 0.05000 113.45000 118.60000 24.35000 30.20000 104 118  25.0 0.0 100.0 1.0 50.0
 23.90  23.40  23.60  23.80  23.60  23.60  23.50  23.50  23.20  22.60  21.80  21.40  20.20  18.30  16.90  15.90  14.90  14.20  13.80  13.30  12.60  11.80  11.20  10.80  11.10  11.20  11.10  11.10  10.70  10.70  11.20  11.50  11.20  10.80  10.70  10.70  10.50  10.70  10.80  11.10  11.30  11.30  11.60  11.80  12.30  12.80  13.40  13.90  14.20  14.90  15.90  16.90  17.80  18.70  19.50  20.00  20.30  19.60  18.50  17.00  15.40  13.80  14.00  14.20  14.30  14.50  14.50  14.50  14.80  14.50  14.30  14.30  13.20  12.00  11.10  10.20   9.50   9.10   8.50   7.70   8.00   7.40   8.50   9.30  11.10  11.50  11.40  14.00  15.40  16.00  18.70  18.30  18.90  19.80  17.10  17.50  16.50  14.10  12.60  12.10  11.60  11.10  10.70  10.60
 24.50  23.60  23.30  23.00  22.90  22.50  22.50  22.40  22.40  22.00  21.10  20.80  20.10  18.80  17.60  16.70  15.60  14.90  14.30  13.60  12.20  11.60  12.00  11.40  11.40  10.70  11.00  11.00  10.90  11.10  11.60  12.10  11.70  11.40  11.00  10.70  10.70  11.00  11.10  11.40  11.80  12.00  12.30  12.50  13.20  13.70  14.20  14.40  14.60  15.30  16.30  17.30  18.50  19.90  20.50  21.30  21.50  20.60  20.00  18.70  16.80  14.80  14.70  14.80  14.80  14.90  15.00  15.00  15.00  14.90  14.70  14.90  14.00  12.50  11.30  10.20   9.50   9.00   8.50   7.90   7.40   7.60   8.30   9.00  10.70  12.30  11.30  12.90  14.70  16.80  19.60  21.10  19.70  20.30  19.40  19.10  17.80  15.80  14.20  13.00  12.30  11.80  11.30  10.90
 29.80  25.10  24.20  24.00  23.60  22.90  22.30  21.70  22.10  21.90  20.90  20.50  19.70  18.80  18.80  18.20  17.00  16.20  15.50  15.00  13.30  11.80  11.60  11.50  11.70  11.50  10.90  10.70  11.10  11.20  11.70  12.50  12.00  11.70  11.50  11.40  11.20  11.60  11.90  12.00  12.30  12.80  13.40  14.00  14.30  15.00  15.40  15.30  15.30  15.70  16.70  17.50  19.10  20.30  21.30  21.80  22.50  21.80  21.10  20.10  18.30  16.10  15.70  15.10  14.90  15.20  15.30  15.30  15.30  15.40  15.20  15.30  14.30  12.70  11.60  10.40   9.70   9.20   8.80   8.30   7.70   7.70   8.30   8.90  10.00  12.20  11.70  12.70  13.90  16.80  19.50  21.70  21.60  20.70  20.60  19.90  19.20  17.30  15.30  14.20  13.30  12.50  11.60  11.00
 26.10  23.70  23.10  23.00  23.00  22.70  22.20  21.50  21.80  22.20  21.70  21.10  20.30  19.70  20.00  19.80  18.50  17.50  16.50  15.90  14.60  12.50  11.80  11.30  11.60  11.40  10.90  10.80  11.10  11.40  11.90  12.70  12.30  12.00  11.90  11.80  11.90  12.30  12.50  12.80  13.10  13.30  14.20  14.90  15.50  16.20  16.70  16.50  16.00  16.40  16.90  17.60  19.80  20.90  22.00  22.60  23.30  22.90  22.40  21.30  19.70  17.40  16.50  15.60  15.10  15.30  15.60  15.70  15.50  15.80  15.90  16.10  14.60  13.00  11.70  10.60   9.70   9.30   9.00   8.60   8.20   8.00   9.30   9.00   9.60  11.20  12.10  12.50  14.00  16.00  18.70  21.00  22.20  21.40  21.40  20.20  19.90  18.30  16.30  14.90  14.10  13.30  12.10  11.20
 22.60  21.00  21.10  21.30  21.50  21.60  21.90  22.00  22.10  22.40  22.30  22.20  21.20  20.10  20.30  20.60  20.20  19.10  16.70  16.00  15.10  14.00  13.10  12.70  12.70  12.50  11.70  11.40  11.40  11.10  11.70  12.40  12.10  11.90  12.10  12.30  12.50  12.80  13.10  13.60  13.60  13.50  14.20  14.60  15.10  15.60  16.00  16.10  16.40  16.60  17.00  17.40  19.00  20.20  21.10  22.20  23.00  22.90  22.60  21.70  20.20  17.90  17.20  16.50  16.20  16.70  16.90  16.60  16.60  16.50  16.00  15.90  14.60  13.20  12.00  10.90  10.00   9.90   9.90   9.90   9.70   9.70  10.30  10.30  10.20  11.30  13.10  13.40  15.10  16.50  18.90  20.10  21.70  22.00  21.80  20.30  19.90  19.20  17.10  15.30  14.60  13.80  12.60  11.70
 23.70  22.30  22.00  22.20  22.50  22.50  22.50  21.90  21.80  22.10  22.10  22.50  22.00  20.80  20.60  20.90  20.40  20.00  17.30  16.00  15.70  15.00  14.20  13.30  13.10  13.00  12.70  12.50  12.00  11.60  11.60  11.90  12.00  11.90  12.20  12.50  13.00  13.50  13.70  14.10  13.90  13.60  14.10  14.50  14.90  15.20  15.30  15.90  16.50  16.80  17.00  17.10  18.40  19.50  20.40  21.70  22.80  22.90  22.90  22.40  20.60  18.80  18.10  17.30  17.30  17.70  18.30  17.60  17.40  16.80  16.30  15.50  14.40  13.00  12.20  11.40  10.60  10.70  10.80  10.70  10.70  10.70  10.80  11.70  11.30  11.70  13.80  14.20  16.30  17.80  19.50  19.60  21.10  22.20  22.40  21.50  20.10  19.30  18.00  16.40  15.10  14.40  13.40  12.20
 26.70  25.90  24.80  24.10  23.70  23.50  23.50  23.00  22.70  22.50  22.10  22.00  21.70  21.00  20.70  20.60  20.20  20.00  18.40  16.80  16.70  15.90  15.30  14.40  14.10  14.00  13.10  12.50  12.50  12.20  12.20  12.30  12.20  12.00  12.30  12.70  13.10  13.50  13.80  14.00  13.90  13.70  13.90  14.10  14.40  14.60  14.70  15.40  16.30  16.80  16.70  16.80  17.70  18.70  19.90  21.10  22.40  22.60  22.60  22.20  20.50  19.10  18.60  18.00  18.20  19.10  19.90  19.40  18.70  17.90  17.00  16.10  14.70  13.70  12.80  11.80  11.00  11.50  11.60  11.70  11.90  12.10  11.80  12.40  13.00  12.80  14.20  14.90  16.30  18.30  19.20  19.70  20.20  21.80  21.70  22.00  20.80  19.20  18.40  17.00  15.50  14.50  13.70  12.70
 28.50  28.50  28.00  26.80  25.80  24.90  24.20  23.70  23.40  23.40  22.70  21.60  20.90  21.00  21.10  20.50  20.00  20.10  19.40  18.30  18.30  17.30  16.60  15.70  14.90  14.90  14.20  13.40  13.00  12.70  12.70  12.90  12.90  12.50  12.40  12.60  13.00  13.30  13.60  14.10  14.10  14.10  14.10  13.90  14.00  14.00  14.20  14.90  15.50  16.00  16.00  16.20  17.20  17.70  19.10  20.50  21.70  21.70  21.80  21.40  20.10  18.70  18.50  18.50  19.10  20.10  20.70  20.50  20.20  19.60  18.50  17.00  16.00  14.60  13.60  12.40  11.30  11.90  12.10  12.50  12.90  13.30  13.00  12.90  14.10  14.50  14.60  15.70  16.30  17.50  18.00  20.10  19.00  20.50  21.70  21.30  21.40  19.90  18.30  17.00  15.40  14.20  13.40  12.70
 29.00  29.20  29.20  29.10  28.90  27.60  26.30  25.50  24.60  24.20  23.20  21.40  20.90  21.20  21.90  21.10  20.00  19.50  19.10  18.30  18.00  17.60  17.50  17.30  16.50  15.80  15.10  14.40  14.00  13.70  13.50  13.50  13.70  13.70  13.50  13.20  13.40  13.50  13.50  13.60  14.00  14.10  14.00  13.80  13.60  13.60  14.10  14.60  15.10  15.60  15.70  15.80  16.50  17.00  18.10  19.70  20.60  20.70  20.80  20.30  19.30  18.10  18.40  18.90  19.80  20.70  21.80  21.50  21.10  20.40  19.80  18.10  16.80  15.30  14.30  13.10  12.00  12.50  12.80  13.60  14.20  14.60  14.30  13.90  14.30  15.50  15.70  16.50  16.80  17.10  17.50  19.10  18.40  18.80  21.80  21.60  21.70  20.20  17.90  16.50  15.10  14.00  13.40  13.00
 28.90  28.70  29.30  30.40  31.60  31.40  30.10  27.90  26.80  26.00  24.70  23.30  22.30  22.40  22.80  22.40  21.20  20.70  20.20  19.00  17.80  17.50  17.60  17.40  16.70  16.30  15.60  14.70  14.40  14.30  14.10  13.80  14.10  14.30  14.20  13.40  13.00  13.00  13.20  13.50  13.80  14.30  14.40  14.50  14.40  14.40  14.60  15.30  15.90  16.20  16.30  16.30  16.70  16.90  17.60  19.00  20.10  20.20  20.30  20.00  19.00  17.90  18.40  18.60  19.60  20.50  21.30  21.10  20.90  20.30  19.40  18.30  16.90  15.80  14.50  13.30  12.30  12.40  12.80  13.20  13.80  14.30  13.90  13.70  13.90  14.60  15.50  16.10  16.50  15.50  15.70  16.70  17.00  16.90  20.00  21.70  21.20  19.60  17.80  16.50  15.20  14.50  14.00  13.30
 26.00  26.30  27.50  29.20  31.10  32.40  32.80  32.00  29.50  27.20  26.10  25.10  24.10  23.80  23.60  23.20  22.70  22.00  21.00  19.90  18.30  17.50  17.50  17.00  16.20  15.70  15.40  14.70  14.30  14.30  14.40  14.60  14.50  14.80  14.60  14.10  13.40  13.30  13.60  13.90  14.50  14.80  15.10  15.30  15.50  15.40  15.50  16.40  17.00  17.40  17.50  17.50  17.40  17.10  17.50  18.40  19.50  19.60  19.70  19.40  18.60  17.90  18.30  18.50  19.50  20.20  20.80  20.70  20.70  20.30  19.50  18.40  17.10  16.00  14.70  13.60  12.50  12.90  13.10  13.30  13.60  13.80  13.80  13.70  14.00  14.10  14.70  15.20  15.90  14.90  14.50  15.00  15.90  16.40  17.80  20.20  20.80  19.10  18.60  17.30  15.50  14.60  14.30  14.00
 24.70  26.00  27.40  28.20  29.20  30.90  33.20  34.10  33.20  30.70  29.30  27.60  26.30  25.70  25.20  24.70  24.30  23.40  22.50  21.20  19.30  17.80  17.80  17.30  16.60  15.90  15.60  15.10  14.80  14.80  14.70  14.90  15.10  15.40  14.90  14.60  13.90  13.90  14.10  14.50  14.90  15.30  15.80  16.20  16.40  16.50  16.80  17.50  18.40  18.60  18.40  18.40  18.00  17.60  17.80  18.40  19.00  19.10  19.10  19.00  18.40  17.80  18.30  18.50  19.30  20.00  20.40  20.30  20.30  20.10  19.60  18.80  17.50  16.00  14.80  13.70  12.70  13.10  13.40  13.90  13.60  13.50  13.40  13.60  13.90  14.00  14.00  14.00  14.50  14.10  12.80  12.60  13.30  14.30  14.70  14.80  16.60  17.60  19.30  18.30  16.50  15.30  14.90  14.80
 22.80  24.40  26.10  27.20  27.70  28.80  30.50  30.80  31.10  30.70  31.10  29.90  27.70  26.80  26.30  25.60  24.90  24.10  23.20  22.50  20.50  19.20  18.80  17.90  17.10  16.50  16.00  15.70  15.60  15.10  15.10  15.10  15.00  15.10  15.10  14.70  14.30  14.50  14.60  15.00  15.80  16.40  16.70  16.90  17.10  17.30  17.60  17.70  18.40  18.90  19.00  19.40  19.20  19.10  18.80  18.80  19.00  19.00  18.80  18.60  18.00  17.60  18.10  18.50  19.20  20.00  20.20  20.20  19.90  19.60  19.10  18.90  17.50  15.90  14.80  14.00  12.80  13.30  13.70  13.60  13.20  13.00  12.90  12.80  13.00  13.00  12.80  12.40  12.30  12.10  10.90  10.30  10.20  10.80  10.70  11.30  13.60  16.30  19.40  19.70  18.80  17.50  16.20  16.40
 20.40  22.50  24.30  25.50  26.40  27.30  29.30  29.80  29.70  30.10  31.20  32.40  30.00  27.90  26.10  24.90  24.40  23.60  22.50  21.70  20.40  19.10  18.50  17.90  17.30  16.30  15.50  15.10  15.30  15.00  15.10  15.10  15.40  15.50  15.30  14.90  14.80  15.00  15.10  15.80  16.60  17.30  17.50  17.60  17.90  18.20  18.50  18.20  18.10  18.40  19.40  20.00  20.10  20.20  20.00  19.50  19.00  18.80  18.60  18.20  17.80  17.50  18.00  18.50  19.00  19.60  20.00  19.80  19.70  19.30  18.90  18.40  17.10  15.50  14.70  14.20  13.30  13.40  13.40  13.20  12.90  12.50  12.50  12.30  12.20  12.30  12.70  11.90  10.70   9.90   9.10   7.00   8.50   9.10  10.70  10.00  10.60  14.30  17.50  20.10  19.70  19.50  18.00  17.60
 19.80  21.30  23.20  24.10  24.70  25.70  26.90  27.50  28.00  28.90  29.80  30.80  29.90  27.90  26.00  24.40  23.10  21.50  19.70  17.60  16.20  15.10  14.70  14.70  14.90  14.70  14.10  13.60  13.80  14.10  14.50  14.80  15.40  15.70  16.20  15.90  15.80  16.00  16.20  16.60  17.20  17.80  17.80  17.90  17.80  17.80  17.80  17.50  17.40  17.50  18.40  18.80  19.40  19.90  20.00  19.90  19.70  19.30  18.90  18.40  18.10  17.70  18.30  18.60  18.90  19.40  19.80  19.90  19.60  19.30  18.60  18.10  16.80  15.20  14.10  13.10  11.90  11.90  12.20  12.20  12.30  11.80  11.70  11.80  11.90  12.20  12.20  11.50  10.70   9.60   8.80   6.40   7.80   8.60  10.50  10.60  10.40  12.00  15.40  19.70  20.90  20.20  18.30  16.80
 20.00  21.40  23.30  23.90  24.20  24.70  25.30  25.70  26.10  26.70  27.10  27.60  27.60  27.30  25.80  24.30  22.60  20.40  17.90  15.80  14.30  12.80  12.50  12.10  12.10  12.40  12.50  12.50  12.60  12.90  13.20  13.80  14.50  15.00  16.10  16.80  16.90  16.80  16.90  17.30  17.80  18.50  18.40  18.00  17.60  17.40  17.00  16.70  16.70  16.60  17.00  17.50  18.50  19.50  20.00  20.20  20.10  19.70  19.30  18.70  18.50  18.10  18.40  18.80  19.30  19.40  19.60  19.50  19.20  18.80  18.50  18.10  16.60  14.90  13.40  12.30  10.90  11.00  11.10  11.10  11.10  10.90  10.90  11.40  12.00  12.50  12.10  11.40  10.30   9.50   8.00   5.80   6.10   6.70   8.30  10.30  10.90  11.60  13.70  17.10  21.20  21.60  19.70  16.90
 22.20  23.20  25.00  25.50  25.10  25.10  25.20  25.20  25.90  26.30  26.30  25.90  25.50  25.30  25.00  24.40  23.10  21.30  19.60  17.00  15.00  13.10  12.50  12.10  11.80  11.70  11.70  12.20  12.80  13.00  13.00  12.70  13.70  14.40  15.50  17.10  17.80  17.40  17.30  17.40  17.80  18.40  18.10  17.70  17.40  16.80  16.00  15.80  15.70  15.80  16.30  16.50  17.30  18.00  19.00  19.60  19.60  19.50  19.60  19.50  19.20  19.00  19.10  19.20  19.30  19.20  19.50  19.30  19.10  18.80  18.60  18.40  16.20  14.60  12.70  11.60  10.40  10.20  10.20  10.50  10.40  10.20  10.50  10.80  11.00  11.20  11.60  10.80  10.10   9.00   6.80   5.00   4.90   5.50   6.70   9.50  11.00  11.50  12.30  15.30  20.10  22.40  21.80  18.30
 24.10  24.10  25.30  25.60  25.70  25.30  25.20  25.30  25.80  26.30  26.90  26.50  24.90  23.70  22.90  22.50  22.00  21.40  20.60  19.50  17.30  15.10  14.10  13.00  12.40  11.80  11.40  11.90  12.70  13.40  13.80  13.70  14.00  14.50  15.40  16.90  18.10  17.50  17.50  17.50  17.80  18.40  18.20  17.70  17.10  16.30  15.20  14.90  14.70  14.60  15.40  16.00  16.50  16.70  17.20  17.60  18.30  18.70  19.10  19.60  19.60  19.60  19.50  19.30  18.90  18.60  18.70  18.80  18.90  19.10  18.90  18.30  16.10  14.00  12.30  11.30  10.20   9.90   9.90   9.90  10.00   9.80   9.90  10.10  10.50  11.00  11.20  10.60   9.80   9.10   7.00   4.70   4.80   5.40   6.60   8.30   9.50  11.70  12.30  14.10  18.10  21.70  22.50  20.40
 24.80  24.40  24.90  25.10  25.60  25.50  25.30  25.70  26.40  26.80  26.80  26.60  25.20  23.90  22.20  20.50  19.90  20.20  20.30  20.00  19.20  17.50  15.90  14.70  13.50  12.60  11.70  11.80  12.20  12.90  13.80  14.30  14.90  15.50  16.50  17.70  19.20  18.70  18.00  17.70  17.60  18.00  17.70  17.30  16.60  15.40  14.30  14.10  13.60  14.10  14.80  15.70  15.50  15.40  15.50  15.80  16.40  16.70  17.10  17.80  18.60  19.30  19.40  19.30  19.00  18.80  18.70  19.00  19.10  18.90  18.70  18.30  16.00  13.60  11.80  10.70  10.00   9.70   9.70   9.80   9.60   9.60   9.70   9.80  10.20  10.70  10.70  10.10   9.50   8.50   6.50   4.10   4.30   5.30   6.20   7.90   8.80  10.90  12.90  13.40  16.40  20.30  21.80  21.80
 24.10  24.00  24.40  24.40  24.30  24.60  24.80  25.70  26.10  26.40  26.30  25.90  24.70  23.80  22.60  21.00  19.70  19.10  19.00  19.10  19.40  19.00  18.60  17.40  15.60  14.30  13.30  13.10  13.40  13.70  14.10  14.60  15.80  17.40  19.30  20.40  21.20  20.90  20.50  20.30  19.30  17.80  17.50  17.10  16.70  16.20  15.40  15.20  15.10  15.00  15.50  16.00  15.70  15.40  15.20  15.20  15.30  15.80  16.30  17.30  18.00  18.90  19.10  19.20  19.00  19.00  19.20  19.60  19.40  18.60  17.80  17.50  15.40  13.50  11.80  10.80  10.10  10.00  10.00   9.90   9.80   9.80   9.80  10.00  10.00  10.30  10.40   9.90   9.20   7.90   5.60   3.30   4.70   6.30   6.50   7.50   9.00  10.10  12.60  12.90  13.90  16.90  19.90  21.40
 23.70  23.80  23.60  23.50  23.20  23.70  24.20  24.40  24.80  25.00  24.80  24.80  23.90  22.60  21.80  20.80  19.90  18.60  17.50  17.30  17.30  17.50  18.00  18.20  17.50  16.30  14.90  14.60  14.60  14.70  15.20  15.90  16.90  18.40  20.20  21.40  22.40  22.30  22.00  21.70  21.10  19.80  18.10  17.50  17.40  17.20  17.00  16.80  16.70  16.60  16.60  16.70  16.30  15.80  15.40  15.10  14.90  15.20  15.50  16.10  16.80  17.50  17.60  17.70  17.90  18.50  19.00  19.60  19.30  18.60  17.70  17.00  15.30  13.40  12.00  11.20  10.60  10.50  10.40  10.30  10.10  10.10  10.00  10.00  10.10  10.20  10.30  10.00   9.50   7.90   5.90   3.70   4.70   5.80   6.50   6.80   8.20   9.60  11.30  12.50  12.50  14.50  16.90  19.60
 23.30  23.40  23.50  23.00  22.90  23.70  24.20  24.00  24.10  24.30  24.60  24.30  22.50  21.10  20.50  20.20  19.90  18.50  17.40  16.60  15.90  15.40  15.80  16.20  16.60  16.70  16.50  16.20  16.00  16.10  16.70  17.50  18.80  19.80  20.30  21.30  22.20  22.50  22.60  22.70  22.40  21.30  20.10  18.80  18.30  17.90  17.90  17.90  18.00  18.10  17.90  17.90  17.10  16.60  16.00  15.40  14.90  14.90  15.00  15.30  16.10  16.70  16.90  17.20  17.50  18.50  18.90  19.30  19.20  18.70  17.80  16.90  15.20  13.70  12.40  11.50  11.00  11.00  10.80  10.70  10.50  10.40  10.10  10.10  10.10  10.10  10.10   9.80   9.30   7.80   6.40   4.50   5.20   6.20   6.60   6.80   7.50   9.20  10.20  11.60  12.50  13.40  15.40  18.30
 23.10  22.80  22.70  22.70  22.90  23.50  24.70  24.10  23.60  23.30  23.90  23.60  21.20  19.10  18.80  18.70  18.20  18.00  17.50  16.60  15.50  14.50  14.20  14.30  14.80  16.10  17.00  17.50  17.50  17.90  18.70  19.30  19.70  20.20  20.40  20.80  21.60  22.10  22.30  22.20  22.20  22.00  21.70  20.60  19.80  19.00  19.00  19.30  19.60  19.80  19.70  19.80  19.00  18.10  17.20  16.30  15.60  15.50  15.50  15.80  16.40  16.90  17.10  17.00  17.40  17.70  18.20  18.40  18.40  18.30  17.60  17.30  15.90  14.30  13.00  12.30  11.70  11.90  11.60  11.30  10.90  10.90  10.40  10.30  10.10   9.90   9.90   9.30   9.00   8.00   6.60   5.80   6.40   7.40   8.30   7.80   7.80   8.70   9.80  10.90  12.30  13.20  14.00  17.00
 23.00  22.80  22.30  22.30  22.30  22.50  23.20  23.20  22.80  21.90  21.00  20.20  18.60  17.40  17.50  16.90  16.30  16.20  16.40  16.30  16.10  15.90  15.80  15.30  15.60  16.60  17.30  17.20  17.40  18.00  19.60  20.50  21.20  21.60  21.70  22.00  22.10  22.10  22.10  21.80  21.50  21.10  21.20  21.40  21.30  20.50  20.10  20.30  20.60  20.90  20.90  21.00  20.20  19.30  18.10  17.10  16.20  16.20  16.20  16.40  16.80  17.10  16.90  16.90  17.00  17.30  17.50  17.70  17.80  17.80  17.50  17.10  15.90  14.80  13.90  13.20  12.50  12.30  12.10  11.70  11.40  11.20  10.90  10.60  10.20   9.70   9.60   8.80   8.20   7.30   6.30   5.60   7.00   8.30   8.20   7.50   7.60   8.40   9.30  10.60  11.50  12.70  13.50  15.50
 23.80  23.60  23.60  23.60  23.60  23.30  23.30  23.20  22.90  22.40  21.50  20.50  19.50  17.90  17.30  16.90  16.60  16.60  16.50  16.60  16.90  17.30  18.00  18.60  19.30  19.50  19.50  19.10  19.00  19.40  20.20  21.00  21.60  22.10  22.50  22.60  22.80  22.70  22.60  22.50  22.30  22.40  22.20  22.30  22.50  22.20  21.10  20.60  20.90  20.90  20.90  20.90  20.40  19.80  18.60  17.50  16.60  16.90  17.30  17.50  17.80  18.30  17.60  17.40  17.00  16.90  17.00  16.90  17.30  17.20  17.20  17.10  16.10  15.00  14.30  13.40  12.60  12.70  12.60  12.50  12.50  12.20  11.70  11.30  10.80   9.90   9.90   9.30   7.30   6.70   5.90   5.50   6.20   7.60   8.80   8.70   8.50   8.30   8.60   9.60  10.50  11.50  12.10  12.60
 24.90  24.70  25.10  25.30  24.90  24.40  24.10  23.80  23.30  22.90  22.10  21.50  20.60  19.70  18.50  17.60  17.50  17.50  17.40  17.50  17.50  17.50  17.80  18.70  20.10  20.90  21.60  21.40  21.20  20.90  21.00  21.60  22.00  22.60  23.00  22.90  22.80  23.00  23.30  23.10  22.90  23.00  22.80  22.70  22.80  23.00  22.50  21.50  21.00  21.00  21.00  20.90  20.40  19.90  19.00  17.90  17.00  17.60  18.50  18.80  19.00  19.20  18.50  17.80  17.20  16.80  16.40  16.20  16.30  16.50  16.80  17.40  16.20  15.10  14.50  13.80  12.90  13.30  13.30  13.40  13.40  13.20  12.60  11.90  11.10  10.40   9.80   9.30   7.00   6.60   5.20   3.70   5.10   6.60   8.30   8.60   8.80   8.50   8.00   8.30  10.20  12.00  11.60  10.50
 26.70  26.10  26.50  26.60  26.60  26.10  26.10  25.90  25.50  24.90  24.40  24.00  23.60  22.60  21.70  20.40  19.40  18.80  18.50  17.90  17.50  17.20  17.50  17.90  18.90  20.10  21.40  22.30  22.70  22.80  22.50  22.50  22.50  22.80  23.10  23.30  23.20  23.30  23.90  23.90  23.90  24.00  23.70  23.40  23.20  23.40  23.60  22.90  21.90  21.30  21.20  21.20  20.60  20.20  19.50  18.50  17.70  18.70  19.70  20.00  20.20  20.30  19.70  18.90  17.70  16.90  16.20  16.00  16.10  16.40  16.90  17.60  16.40  15.10  14.30  13.30  12.50  12.70  13.20  13.50  13.70  13.60  13.20  12.70  12.10  11.10  10.20   9.50   7.90   6.40   5.30   4.30   5.90   6.60   8.80   8.90   8.90   9.00   7.70   6.50   7.10   9.00   8.90   8.00
 27.60  27.30  27.60  27.90  28.20  28.50  29.00  28.40  27.70  27.30  26.40  25.30  24.20  23.00  21.70  20.60  19.80  19.40  18.70  18.00  17.40  16.90  17.30  17.70  18.50  19.50  20.60  21.70  22.50  23.20  23.50  23.70  23.20  23.10  23.50  23.80  23.70  23.70  24.10  24.40  24.40  24.50  24.30  24.00  23.80  23.80  23.90  23.60  22.80  22.00  21.60  21.40  21.00  20.50  20.20  19.60  19.00  19.80  20.40  20.80  21.00  21.30  20.40  19.90  18.40  17.20  16.00  16.00  16.10  16.70  16.90  17.60  16.60  15.20  14.40  13.20  12.60  12.80  13.40  13.50  13.90  13.90  13.70  13.50  12.60  12.00  10.70  10.00   8.90   7.30   6.30   4.80   5.30   6.10   6.40   6.10   6.00   6.30   5.80   4.50   3.70   3.50   3.90   4.00
 27.30  27.60  28.70  28.90  29.30  30.10  30.50  30.30  29.20  28.20  26.60  25.10  23.90  22.70  21.30  20.00  18.70  19.00  19.10  18.80  18.10  18.20  18.50  18.40  18.80  19.70  20.30  21.10  21.90  22.60  23.20  23.70  23.80  23.40  23.80  24.10  24.20  24.00  24.10  24.50  24.70  25.00  24.70  24.50  24.50  24.50  24.50  24.10  23.40  22.70  22.00  21.70  21.60  21.30  20.90  20.40  20.00  20.40  21.20  21.70  21.90  22.20  21.20  20.40  19.20  17.50  16.40  16.40  16.50  17.00  17.50  17.90  17.00  15.80  14.70  13.70  12.80  12.50  12.50  12.50  12.70  12.80  13.00  13.10  12.70  12.10  11.20  10.40   9.60   8.90   7.60   6.00   5.90   5.60   5.40   5.20   4.80   4.10   3.10   3.10   2.70   2.10   2.20   2.70
 26.90  27.40  28.90  30.30  30.90  31.70  32.80  31.30  30.30  28.70  27.20  25.50  23.90  22.30  20.80  19.90  18.20  18.20  18.40  18.20  17.50  17.60  18.60  19.10  19.70  20.20  20.70  21.40  22.30  22.90  23.40  23.80  24.00  24.00  24.20  24.40  24.70  24.50  24.70  25.00  25.30  25.50  25.20  24.90  24.80  24.90  25.00  24.60  24.30  23.80  23.20  22.70  22.50  22.40  22.10  21.80  21.50  21.70  22.10  22.40  22.40  22.50  21.70  20.70  19.80  18.40  17.10  17.10  17.30  17.50  18.20  17.90  16.90  15.90  14.80  13.70  12.60  12.20  11.90  11.90  12.20  12.50  12.80  13.40  13.10  12.70  11.70  11.20  10.40   9.80   9.20   8.40   7.30   6.70   6.70   6.40   6.30   6.00   6.30   5.50   4.60   3.70   2.90   2.80
 26.10  26.60  28.00  29.50  30.40  31.40  33.10  31.30  29.90  28.70  27.20  25.50  23.50  21.90  20.50  20.10  19.50  20.10  20.50  20.40  19.90  19.70  20.20  20.70  21.20  21.80  22.20  22.50  22.90  23.40  23.90  24.20  24.40  24.60  24.90  25.50  25.60  25.30  25.90  26.10  26.40  26.30  26.30  26.10  26.10  26.30  26.30  26.10  25.80  25.50  25.10  24.70  24.40  24.30  24.10  24.00  23.80  23.70  23.60  23.30  23.00  22.80  22.00  20.90  20.10  19.10  17.80  17.80  18.00  18.30  18.60  18.10  17.10  16.40  15.30  14.20  13.10  12.70  12.20  12.10  12.20  12.60  12.80  13.00  12.70  12.10  11.10  10.80  10.40  10.10   9.70   9.30   9.00   8.30   7.80   7.20   7.00   7.70   8.40   8.60   7.20   6.70   5.10   3.30
 25.90  26.30  27.50  28.40  29.50  30.50  32.00  30.70  29.20  27.70  26.70  25.20  23.50  21.40  20.20  20.00  20.10  21.00  21.90  22.20  22.30  22.00  22.20  22.60  23.10  23.60  23.90  24.10  24.20  24.30  24.50  24.60  24.90  25.50  26.10  26.80  26.90  26.70  26.90  27.20  27.40  27.30  27.40  27.60  27.90  27.90  28.00  28.00  27.60  27.20  26.90  26.70  26.10  26.10  25.90  25.80  25.50  25.00  24.50  24.10  23.70  22.90  22.10  21.00  20.30  19.50  18.70  18.60  18.70  18.70  18.60  18.20  17.40  16.40  15.50  14.70  13.70  13.10  12.50  12.10  12.30  12.50  12.40  12.30  12.00  11.50  10.70  10.60  10.50  10.60  10.10   9.90   9.70   9.10   8.60   7.90   7.60   8.70   9.10   9.50   9.00   8.70   6.70   4.90
 27.40  28.10  29.50  30.10  30.70  30.80  31.40  30.00  28.80  27.10  26.00  24.60  23.30  22.10  20.70  19.70  18.80  19.80  20.40  20.70  21.20  21.60  22.20  22.80  23.50  24.20  24.70  25.10  25.50  25.70  26.00  26.30  26.50  26.90  27.50  28.20  28.90  28.50  28.40  28.50  28.50  28.30  28.50  28.70  28.90  29.20  29.70  29.70  29.20  28.80  28.90  28.80  28.70  28.70  28.50  28.30  28.00  27.30  26.60  25.80  24.80  23.90  22.90  21.80  20.90  20.10  19.30  19.20  19.30  19.10  18.90  18.70  17.60  16.70  16.10  15.40  14.90  14.40  13.80  13.30  13.30  13.00  12.90  12.90  12.50  11.80  11.20  10.80  10.60  10.70  10.60  10.60  10.10   9.60   9.10   8.40   7.60   8.60   9.30   9.50   9.30   9.20   8.40   6.10
 29.50  29.90  30.80  31.50  32.10  32.50  32.50  29.70  28.40  26.80  25.70  24.60  23.90  23.00  22.00  20.30  18.80  18.70  19.10  19.50  19.80  20.40  21.50  22.20  23.10  24.10  24.70  25.20  25.70  26.30  27.10  27.60  28.10  28.80  29.50  30.40  31.20  30.60  30.10  30.10  30.30  30.10  29.90  29.90  30.10  30.60  31.10  31.20  31.10  30.70  30.90  31.30  31.50  31.80  32.00  31.70  31.20  29.90  28.40  27.20  25.90  24.70  23.90  22.50  21.50  20.50  20.00  19.90  19.80  19.60  19.30  19.20  18.10  17.20  16.70  16.20  16.00  15.50  14.90  14.60  14.30  13.90  13.70  13.50  12.90  12.20  11.50  11.10  10.80  10.70  10.90  11.20  10.50   9.80   9.10   8.70   7.50   8.70   9.10   9.60   9.60   9.70   9.20   7.10
 34.70  34.20  34.40  34.60  34.10  33.40  33.90  32.80  30.10  28.80  27.20  26.40  24.90  23.80  23.20  21.80  20.30  20.40  20.30  20.00  19.80  20.00  20.80  21.40  22.40  23.40  24.10  24.40  24.80  25.30  26.00  26.70  27.50  28.20  29.20  30.40  31.40  31.40  31.60  31.70  31.80  32.40  32.30  31.80  31.40  31.60  31.40  30.80  30.60  30.40  30.90  31.30  31.60  31.80  32.00  32.20  31.60  30.40  29.20  28.00  27.20  26.00  25.10  24.30  23.40  22.50  21.50  21.20  21.10  21.00  21.10  21.20  20.50  20.00  19.40  18.60  18.20  17.50  16.70  16.10  15.50  15.10  14.70  14.60  14.30  13.60  12.80  12.40  12.00  11.80  11.70  12.00  11.10  10.50  10.10  10.00   9.80  10.10  10.30  10.50  10.50  10.70  10.00   9.50
 37.70  37.40  36.80  36.00  35.00  35.00  34.10  34.00  33.00  31.50  29.30  28.10  26.00  24.50  23.70  22.60  21.50  21.60  21.60  21.30  21.10  20.80  21.10  21.60  22.10  22.60  23.10  23.40  23.80  24.40  25.30  26.30  27.40  28.30  29.00  29.90  30.70  31.10  31.50  32.60  33.80  34.50  34.40  34.40  33.90  33.00  32.20  31.40  31.10  30.60  30.80  31.30  32.00  32.50  32.30  32.10  31.80  31.10  30.10  29.20  28.20  27.40  26.50  25.70  24.70  23.90  22.80  22.60  22.50  22.50  22.70  23.00  22.50  22.00  21.40  20.60  20.20  19.50  18.40  17.60  17.00  16.50  16.10  15.70  15.30  14.70  14.30  13.80  13.20  13.20  12.50  12.30  12.20  11.60  11.30  11.30  11.20  11.90  11.70  11.40  11.70  12.00  11.30  10.40
 41.10  40.50  38.50  36.90  36.10  35.20  34.10  33.80  33.90  34.40  34.20  34.00  30.10  26.80  24.70  23.80  22.60  22.10  21.80  21.50  21.00  21.00  21.10  21.70  22.10  22.50  22.90  23.20  23.60  24.10  24.70  25.60  26.40  27.30  27.70  28.30  29.10  29.90  30.60  31.70  33.70  35.00  34.80  35.50  35.80  35.40  33.80  32.60  32.30  32.20  32.10  32.00  32.10  32.30  32.00  31.10  30.60  30.30  29.80  29.10  28.40  27.70  26.80  26.00  25.20  24.40  23.50  23.50  23.60  23.70  23.90  24.10  23.80  23.50  23.00  22.50  22.00  20.50  19.60  18.50  17.60  16.80  16.50  16.00  15.40  14.70  14.40  14.00  13.40  13.00  12.50  12.10  12.20  12.40  12.50  12.70  12.70  12.80  13.00  13.20  13.30  13.50  12.70  12.00
 45.40  44.90  42.10  38.80  37.10  35.40  34.10  34.50  35.20  35.50  35.60  36.00  32.90  29.90  26.90  24.60  23.50  22.80  22.30  21.70  20.80  20.40  20.40  20.70  21.50  22.40  22.90  23.30  23.80  24.30  24.60  25.00  25.60  26.10  26.50  26.70  27.20  28.00  29.20  30.60  32.90  34.90  35.20  36.00  36.40  36.30  35.50  34.60  33.60  33.00  32.60  32.40  32.30  32.20  31.80  30.70  29.90  29.60  29.30  29.00  28.80  28.30  27.50  26.60  25.90  25.10  24.40  24.70  24.90  25.20  25.50  25.50  24.90  24.70  24.30  23.80  23.30  22.10  20.60  19.70  18.70  17.60  17.00  16.40  15.70  15.10  14.30  13.70  13.30  12.80  12.50  12.10  12.50  13.00  13.80  14.40  14.60  14.40  14.20  14.30  14.80  14.80  14.10  13.60
 49.70  49.70  46.80  43.40  39.70  37.70  35.70  36.10  37.10  37.70  37.40  37.40  33.80  29.80  27.60  25.70  24.20  23.90  23.40  22.50  21.70  21.10  21.50  21.70  22.30  23.00  23.70  24.10  24.50  25.00  25.30  25.70  25.90  26.10  26.10  26.10  26.30  27.10  28.00  29.60  31.50  33.40  34.00  34.90  35.70  35.70  35.40  36.00  35.70  34.90  34.00  33.30  33.20  33.10  33.00  32.30  31.10  30.10  29.70  29.60  29.60  29.50  28.30  27.30  26.30  25.50  24.60  25.00  25.30  25.50  25.60  25.70  25.60  25.20  24.70  24.40  23.90  22.90  21.70  20.40  19.60  18.40  17.60  16.60  15.50  14.70  13.50  12.90  12.60  12.40  11.90  11.40  12.40  13.10  14.00  14.70  15.00  15.30  14.70  14.70  15.10  15.70  15.70  15.00
 51.40  51.40  48.90  46.50  44.20  42.10  39.70  39.60  39.20  40.00  40.40  39.30  35.20  30.60  28.10  26.50  24.80  24.40  23.90  23.20  22.50  22.10  22.60  23.10  23.70  24.30  24.90  25.20  25.70  26.10  26.40  26.60  26.60  26.50  26.40  26.10  26.00  26.80  27.90  29.10  30.80  32.50  32.90  33.60  34.40  34.80  34.80  35.50  35.80  36.00  35.00  34.00  33.10  32.40  31.80  31.30  30.50  29.90  29.50  29.20  29.30  29.60  28.50  27.40  26.40  25.50  24.50  24.60  24.70  24.70  24.80  24.90  25.10  25.20  25.00  24.80  24.30  23.20  22.30  21.20  20.40  19.70  18.70  17.90  16.50  15.10  14.50  13.90  13.30  12.90  12.60  12.10  12.90  13.50  13.90  14.30  14.50  14.90  15.60  15.40  15.50  16.00  16.50  16.10
 51.10  49.90  47.80  46.30  45.30  44.10  42.60  41.20  41.10  40.60  39.60  39.30  35.60  30.50  28.10  26.80  25.70  25.30  24.80  24.20  23.70  23.70  24.40  24.90  25.70  26.40  27.40  27.60  28.00  28.30  28.40  28.30  27.90  27.40  27.40  27.40  27.20  28.10  29.20  30.40  31.80  33.30  33.20  33.40  33.20  33.10  33.30  33.80  33.90  34.10  34.10  34.00  33.20  32.30  31.30  30.60  30.00  29.70  29.60  29.50  29.70  30.10  29.00  28.10  27.20  26.00  25.00  24.70  24.40  24.30  24.20  24.30  24.40  24.50  24.60  24.70  24.50  23.80  23.00  22.20  21.70  21.10  20.00  19.30  18.30  16.70  15.10  14.90  14.60  14.10  13.60  13.70  13.40  13.60  13.90  14.10  14.20  14.50  15.20  16.50  17.30  16.40  16.30  16.20
 50.90  49.40  47.70  46.50  46.20  45.80  45.10  44.10  43.50  42.70  40.60  39.50  36.40  32.50  29.30  27.90  26.80  26.70  26.30  26.00  25.80  25.60  26.30  27.10  27.60  28.20  29.30  29.80  30.40  31.10  30.90  30.40  29.60  28.90  28.70  28.20  28.00  29.10  30.70  32.30  33.20  34.40  33.80  33.30  32.60  31.60  31.30  32.10  32.80  33.20  33.30  33.10  33.00  32.80  31.60  30.40  29.70  29.20  29.00  29.20  29.60  30.00  29.10  28.30  27.40  26.40  25.20  24.70  24.40  24.00  23.70  23.60  23.80  24.00  24.10  24.30  24.50  24.20  23.80  23.10  22.50  22.30  21.50  20.30  19.40  18.10  16.70  16.00  15.70  15.30  14.70  14.40  14.10  13.70  13.30  13.50  13.60  14.20  14.50  15.30  17.40  17.60  16.50  16.10
 48.90  48.90  48.20  47.10  46.30  45.90  45.20  44.30  43.80  42.90  41.40  39.80  36.90  34.10  30.40  28.10  27.10  27.20  26.90  26.50  26.40  26.40  26.90  27.90  28.80  29.80  30.40  31.50  33.00  33.40  33.80  33.70  33.00  32.10  31.40  31.10  30.90  32.20  33.90  35.30  36.00  36.50  36.10  35.40  34.20  32.90  31.80  32.20  32.90  33.30  33.80  32.90  32.90  32.80  32.60  31.60  30.30  29.80  29.70  29.90  30.40  31.10  30.30  29.80  28.80  27.70  26.70  26.00  25.60  25.00  24.50  24.10  24.20  24.30  24.50  24.70  25.00  24.70  24.40  24.00  23.60  23.10  22.90  22.10  20.80  19.80  18.60  18.00  17.50  16.80  16.20  15.50  14.80  14.20  13.40  12.90  12.60  13.70  14.50  15.20  16.80  18.50  17.80  16.50
 49.40  49.30  48.70  47.90  47.10  46.50  45.90  44.30  43.50  41.90  40.20  38.10  36.30  34.10  30.70  28.30  26.50  26.40  26.80  27.20  27.40  27.30  27.60  28.20  29.30  30.70  32.20  33.70  34.90  35.70  36.10  36.30  36.00  35.40  34.90  34.90  34.90  35.60  36.20  36.90  37.70  38.00  37.30  36.50  36.10  34.50  33.10  32.80  33.10  32.50  32.90  32.60  32.30  32.20  32.80  33.80  33.00  31.70  30.40  30.80  31.60  32.60  32.00  31.40  30.30  29.20  28.00  27.40  26.80  26.00  25.30  24.60  24.70  24.80  25.00  25.20  25.80  25.20  24.80  24.60  24.50  24.20  23.70  23.10  22.50  21.50  20.40  20.00  19.70  19.00  17.50  16.80  15.80  14.70  13.70  12.70  11.90  12.80  14.30  15.50  16.80  18.60  19.10  18.50
 50.50  49.50  48.70  48.40  48.40  48.50  47.70  45.70  43.70  42.00  40.60  38.90  37.10  34.60  30.50  28.70  27.40  26.90  26.80  27.10  27.40  27.70  28.30  28.50  29.30  30.90  32.60  35.00  36.30  36.80  37.30  38.00  38.00  38.40  38.40  38.20  38.10  39.00  39.00  39.20  39.30  39.00  38.90  38.70  38.90  39.00  39.60  38.20  37.80  37.10  36.20  35.50  35.50  35.50  35.70  36.40  36.50  36.40  35.60  35.00  35.20  36.10  35.60  34.60  32.90  31.20  29.90  29.50  28.90  28.00  27.30  26.50  26.50  26.70  27.20  27.30  27.20  26.00  25.60  25.10  24.80  24.60  24.30  23.80  23.20  22.70  21.90  21.40  20.60  20.30  19.70  18.90  17.60  16.30  15.20  14.40  12.40  12.90  14.10  15.30  16.70  18.00  18.70  19.40
 49.90  49.70  49.10  48.90  49.30  49.20  48.90  47.10  45.00  42.90  39.70  38.20  36.90  34.90  31.30  28.70  27.20  27.40  27.50  27.40  27.30  27.50  28.90  30.00  30.60  31.70  33.00  35.30  37.00  38.40  39.40  40.80  41.10  41.90  42.40  42.50  42.40  43.20  43.30  42.90  41.80  40.80  41.40  42.10  43.50  44.70  46.20  45.00  43.70  42.40  40.00  38.10  37.60  37.60  38.20  38.60  38.80  39.20  38.90  38.60  38.20  38.10  37.40  36.60  35.60  34.00  32.30  31.40  30.90  30.40  29.80  29.00  28.70  28.50  28.80  28.80  28.20  27.20  26.10  25.60  25.20  24.90  24.70  24.50  24.00  23.30  22.70  22.50  22.30  21.30  21.00  20.60  19.70  17.80  16.00  15.20  13.80  14.20  14.50  15.30  16.00  17.20  17.90  19.30
 47.80  48.40  47.80  47.40  48.20  49.00  49.40  47.70  46.20  44.30  40.90  37.70  36.20  34.80  32.90  29.90  27.70  27.60  28.10  28.80  29.00  28.90  29.70  32.60  34.40  34.40  34.80  36.10  37.40  39.30  40.80  42.00  42.60  43.00  43.40  43.30  43.30  43.40  42.50  42.00  41.10  40.30  42.60  44.10  46.20  48.70  50.90  49.40  47.80  45.90  43.90  41.90  40.90  40.50  41.10  42.60  43.20  43.60  43.70  43.40  42.80  42.00  40.30  38.70  37.30  36.20  34.40  33.10  32.60  32.10  31.70  31.20  30.60  30.10  29.90  29.60  29.50  28.30  27.60  26.80  26.10  25.80  25.60  25.50  25.00  24.30  23.40  23.30  23.50  23.30  22.80  22.40  21.70  20.80  18.10  15.60  14.30  15.60  16.10  15.90  16.30  16.90  17.50  19.30
 44.40  45.80  46.60  47.40  48.20  48.60  48.70  46.80  45.50  43.90  41.00  37.90  36.50  35.40  33.40  31.60  29.60  29.00  28.90  29.10  30.30  31.10  32.20  33.30  35.00  36.40  36.60  37.30  38.40  39.80  41.80  43.50  43.40  43.20  43.00  43.20  43.00  42.20  41.00  40.60  40.60  40.00  43.40  46.10  49.00  52.10  55.30  53.70  52.30  50.50  48.40  46.30  45.70  45.00  45.20  45.80  46.30  47.40  47.80  47.80  47.10  46.20  44.40  42.20  39.40  37.40  36.30  35.40  34.90  34.70  33.80  33.20  32.80  32.30  31.60  30.70  30.60  30.50  30.10  29.60  28.10  27.20  26.70  26.50  26.00  25.20  24.40  24.20  24.10  24.20  24.20  23.90  22.60  21.60  20.00  17.30  14.70  15.10  15.80  17.00  17.70  17.90  18.30  19.00
 43.40  44.90  46.30  47.60  49.10  49.80  50.20  48.50  45.70  41.80  38.40  36.50  36.00  34.80  33.40  31.80  30.10  30.00  30.30  30.10  30.70  32.00  34.10  35.50  36.10  36.90  37.80  38.90  40.10  41.40  42.80  43.90  44.10  43.30  42.60  42.70  42.20  40.60  39.20  38.50  38.00  37.70  42.00  46.20  50.00  53.70  57.60  55.50  53.50  52.30  50.20  48.40  47.80  47.10  46.90  46.70  47.00  47.80  48.30  48.40  48.10  47.30  45.70  43.30  40.20  37.90  36.60  36.20  35.80  35.80  35.40  34.70  34.00  33.60  33.40  33.00  32.90  32.40  32.20  32.00  31.40  30.00  28.80  27.90  26.90  25.80  25.00  24.90  24.80  24.80  24.90  25.00  24.10  23.00  21.20  19.60  16.40  15.70  15.70  16.60  18.20  19.40  19.50  19.90
 45.40  46.80  47.00  46.50  46.80  48.30  49.70  49.50  47.00  43.60  38.90  36.50  36.40  35.80  35.40  34.50  32.60  32.10  32.30  32.30  32.60  33.60  35.50  36.80  37.40  38.10  38.90  40.80  41.90  42.50  43.50  44.70  45.00  44.60  44.10  43.20  41.90  40.00  38.60  37.70  37.30  37.20  41.00  45.30  48.70  51.80  54.20  52.70  51.40  49.90  48.50  47.30  47.10  46.90  46.90  46.60  46.70  47.40  47.80  48.10  47.70  47.10  46.20  44.90  42.70  40.30  38.50  37.70  37.60  37.30  37.10  36.80  36.10  35.20  34.70  34.40  34.50  34.50  33.80  33.40  33.90  34.10  32.60  30.40  28.80  27.10  26.00  25.90  25.90  25.70  25.60  25.70  25.10  24.50  23.00  21.00  18.40  18.00  17.80  17.50  18.60  20.00  20.40  20.80
 49.80  51.10  49.40  48.50  48.30  48.10  48.10  47.50  46.10  43.80  40.80  37.80  37.70  37.30  36.80  36.40  36.00  35.50  34.60  34.40  34.80  35.40  36.50  37.70  38.70  39.50  39.70  40.80  42.00  42.40  43.00  43.90  45.20  46.10  45.90  44.60  43.00  40.90  39.60  38.70  38.40  38.10  41.30  45.20  48.40  50.70  52.30  52.10  51.20  49.80  47.70  45.80  45.40  45.10  44.90  44.70  44.40  44.60  44.90  45.10  44.60  44.10  43.60  43.20  41.90  40.40  38.90  38.50  38.20  38.20  38.00  37.90  37.10  36.30  35.50  34.40  33.80  34.10  34.40  34.40  34.10  34.70  34.50  33.40  31.40  29.20  27.70  26.70  26.50  26.40  26.10  25.90  25.20  24.60  23.50  21.90  20.00  19.60  19.80  19.60  19.90  20.10  20.50  21.20
 52.80  54.20  52.10  51.40  50.20  48.70  47.60  46.10  44.20  42.00  40.20  38.50  38.40  38.50  38.00  37.40  36.90  37.40  37.80  37.30  37.10  37.40  38.40  39.30  40.50  41.80  41.90  41.70  41.90  42.60  42.80  43.00  43.60  44.90  45.40  45.10  43.60  42.00  41.00  40.20  40.20  40.80  43.20  45.00  47.10  48.60  49.80  50.20  51.10  49.90  48.20  46.30  45.20  44.10  43.40  42.90  42.40  41.90  41.40  41.30  41.30  40.90  40.40  39.80  40.10  40.30  39.60  39.50  39.20  39.00  39.40  39.30  38.40  37.40  36.40  34.90  33.60  33.90  34.50  35.20  35.40  35.60  35.20  34.70  33.40  31.20  29.50  28.10  27.20  26.80  26.80  26.60  25.60  24.60  23.80  22.90  21.70  21.00  20.80  20.80  20.90  20.80  21.00  21.60
 55.70  58.00  55.10  53.40  52.30  50.00  48.20  46.70  45.20  43.40  41.70  40.00  40.30  40.10  39.70  39.50  38.70  38.20  38.70  39.70  40.80  40.90  40.90  41.90  43.20  43.80  44.10  43.90  43.30  43.40  43.90  43.80  43.80  44.10  44.20  45.30  45.10  44.30  44.40  44.40  44.40  45.00  46.50  47.40  47.60  48.10  48.50  48.90  49.50  49.80  48.40  47.00  46.30  45.40  44.60  43.20  42.20  41.10  40.30  39.60  39.50  38.90  38.60  38.20  38.40  39.00  40.10  40.00  39.70  39.60  39.80  40.40  39.60  38.50  36.90  35.20  33.10  33.20  33.60  34.40  35.50  35.80  34.20  33.60  32.60  31.20  30.40  29.60  28.70  27.90  27.40  27.50  26.70  25.50  24.30  23.60  22.60  22.40  22.00  21.70  21.70  21.60  22.10  22.20
 58.70  61.70  59.70  56.70  54.10  53.00  50.20  47.90  46.00  44.40  42.80  40.90  40.80  40.80  41.00  41.10  41.00  40.80  40.60  40.90  42.10  43.80  44.20  43.80  43.90  44.50  45.20  45.30  44.70  44.20  44.70  45.30  45.10  44.90  44.70  44.60  45.00  46.00  47.00  47.80  48.60  49.20  49.30  49.80  49.00  47.60  46.80  47.40  48.20  48.20  47.60  46.60  46.20  45.30  44.90  44.10  43.00  41.40  40.10  38.70  38.00  37.30  37.10  37.20  37.60  38.00  39.00  40.00  40.20  39.80  40.20  40.20  40.00  39.70  37.60  35.50  32.90  32.60  33.10  34.00  34.80  35.70  34.20  32.90  31.70  31.30  31.60  31.30  30.70  29.90  28.90  28.30  27.30  26.40  25.30  24.30  23.40  23.20  23.30  22.80  22.50  22.70  23.20  23.20
 57.10  59.50  58.00  55.80  53.50  52.70  51.80  49.70  46.50  44.30  43.20  41.00  40.50  40.80  41.20  41.40  42.00  42.70  42.80  41.80  41.30  42.10  43.40  44.20  44.20  44.40  45.00  45.40  46.00  45.80  45.90  46.50  47.30  47.00  46.30  45.90  45.50  45.90  47.00  48.30  49.50  50.70  51.10  51.40  50.40  49.50  48.30  48.10  48.10  47.60  46.60  46.10  45.40  44.60  43.80  43.60  43.70  43.30  42.70  40.80  38.70  37.40  37.40  37.90  38.70  38.80  39.20  38.90  39.60  39.60  39.60  39.00  38.40  38.00  37.20  36.30  34.50  34.10  34.00  34.70  35.00  34.80  33.30  32.20  31.60  31.40  32.90  32.50  31.70  31.20  30.40  29.10  27.50  26.70  26.40  25.80  24.80  24.70  25.00  25.30  25.20  25.00  24.90  24.70
 55.50  56.20  56.50  55.80  53.70  52.80  51.80  49.70  47.40  45.30  43.30  42.10  41.70  40.90  41.80  42.20  42.70  42.70  42.00  41.70  41.10  41.30  42.60  43.90  45.00  45.90  46.00  45.70  46.00  47.10  47.30  47.40  48.10  48.90  48.60  48.30  47.30  46.60  46.80  47.80  49.10  51.10  52.10  52.70  52.30  51.80  51.60  50.40  48.30  47.30  46.70  45.80  45.00  44.20  43.70  43.50  44.60  44.70  44.50  43.60  41.70  39.20  39.00  40.20  41.60  41.60  41.30  39.40  38.70  38.70  39.00  38.60  37.90  37.30  37.00  36.50  35.70  35.80  35.80  35.20  34.70  34.20  32.80  31.40  30.90  30.90  32.30  32.80  32.90  31.80  31.20  30.40  28.70  27.30  26.80  27.10  26.90  26.90  26.90  27.20  27.40  27.30  26.80  26.40
 54.10  55.30  54.20  53.40  52.30  51.80  51.40  49.50  47.60  46.20  45.00  43.30  42.70  41.10  40.40  40.50  40.80  42.50  43.00  42.90  43.20  43.00  42.90  43.80  45.00  46.10  47.00  46.80  46.50  46.90  47.40  47.90  48.30  49.00  50.00  50.70  50.00  48.70  47.70  47.50  48.30  49.40  50.90  51.90  52.50  53.00  53.50  53.50  52.10  49.90  49.70  48.60  46.50  44.60  43.90  44.10  45.40  45.50  45.80  44.60  43.30  41.30  41.90  43.00  43.70  44.30  45.30  43.90  42.50  40.00  38.80  37.60  37.40  37.20  36.90  36.80  36.40  36.40  36.30  36.00  34.80  33.60  32.80  32.10  31.80  31.80  32.50  33.00  32.90  31.60  30.40  29.70  29.30  28.70  27.70  27.90  28.30  29.10  29.20  29.50  29.80  29.90  29.10  28.70
 53.00  54.40  54.10  52.50  51.20  50.20  49.80  49.30  48.40  46.90  46.10  45.40  44.50  44.10  42.40  41.80  41.40  42.60  43.60  44.60  45.10  45.10  44.60  44.60  45.30  46.10  47.00  47.40  47.40  47.30  47.90  48.70  49.70  50.50  51.80  52.30  52.70  52.10  50.20  48.90  48.40  48.60  49.50  50.70  52.30  53.40  54.20  54.90  55.30  55.10  54.20  53.20  48.40  45.10  44.10  44.10  45.70  45.50  45.70  44.70  44.10  43.40  44.20  45.30  46.10  46.80  47.50  46.30  45.80  43.80  40.40  37.60  37.20  37.10  37.00  37.10  37.40  36.80  36.30  35.60  34.90  34.40  34.00  33.90  33.70  33.40  33.40  32.50  32.50  31.40  30.00  28.50  28.90  29.70  29.80  29.70  29.70  30.60  31.80  32.40  32.60  33.20  31.70  30.30
 54.80  54.90  54.90  54.40  54.10  52.80  51.80  51.40  50.50  49.80  48.50  47.40  46.90  46.60  45.90  45.00  44.60  44.40  44.70  45.50  46.70  47.60  47.40  46.90  46.70  46.80  47.40  48.40  48.70  48.50  48.40  48.90  49.90  51.20  52.80  53.50  53.50  54.10  53.40  51.90  51.20  50.50  50.20  50.70  51.90  53.00  54.20  55.80  56.70  58.50  60.40  57.80  52.50  48.70  47.40  47.00  47.30  46.30  45.10  44.60  44.10  44.20  45.90  47.50  49.20  50.00  50.70  49.10  48.30  47.30  44.70  41.20  39.20  37.90  37.80  37.80  38.90  38.20  36.60  35.80  34.80  34.20  35.20  35.40  35.50  35.60  35.20  33.10  31.20  30.40  30.00  29.20  29.50  30.10  31.20  31.40  31.10  31.30  33.00  34.20  34.80  35.00  33.20  31.80
 58.00  58.00  57.60  57.40  58.80  58.00  56.50  55.80  54.90  53.50  51.90  49.70  48.10  47.10  47.30  46.80  46.60  46.30  46.00  46.10  46.00  46.90  47.40  47.70  48.10  47.80  47.30  47.90  49.10  49.30  49.50  49.40  49.50  50.20  51.40  53.70  53.90  54.10  53.90  53.20  51.60  50.90  51.10  51.40  51.90  52.50  53.00  54.10  56.40  59.00  60.80  60.60  57.10  54.40  51.90  50.40  48.90  48.70  46.20  45.30  45.40  46.50  48.50  49.80  51.40  52.50  53.50  52.70  50.50  49.20  47.90  46.70  45.00  42.80  41.00  39.20  38.80  38.20  36.90  36.40  36.20  35.60  36.10  36.40  36.50  37.10  37.00  35.40  33.10  31.70  31.10  30.80  31.80  32.60  32.60  32.80  32.50  32.30  32.80  33.60  34.60  35.40  33.60  31.70
 62.50  62.70  62.00  61.10  61.80  62.20  61.00  60.10  60.10  59.00  56.90  55.70  53.20  50.40  49.90  49.80  49.40  49.40  48.70  48.90  48.40  47.90  48.60  49.50  50.20  51.10  50.90  50.70  51.60  52.70  53.20  53.00  52.30  52.10  52.10  53.40  54.90  55.50  55.70  55.70  55.30  54.10  53.00  53.20  54.20  54.80  54.80  54.60  55.70  58.80  61.10  62.20  61.30  61.00  59.40  56.50  53.20  52.10  50.40  49.50  49.70  49.90  51.90  53.70  54.90  55.70  56.50  56.20  54.40  52.70  51.20  51.40  50.00  49.10  47.00  43.70  41.00  40.40  39.00  38.20  38.10  38.00  38.60  38.80  38.50  38.40  39.00  37.40  35.70  34.50  34.10  33.70  34.20  34.90  34.70  34.50  34.40  34.20  34.00  33.60  34.00  34.80  34.10  33.10
 66.60  66.40  66.10  65.20  64.50  63.80  64.70  64.30  63.40  63.10  61.80  61.10  59.90  56.70  53.90  52.70  52.10  51.40  51.40  50.50  51.20  50.20  49.90  51.20  51.90  52.80  53.70  54.90  55.50  55.50  56.00  56.40  54.80  53.50  53.20  52.50  53.50  56.20  57.40  58.30  58.70  58.70  56.90  54.90  54.80  55.70  56.70  56.90  56.70  58.00  61.30  62.90  63.30  65.00  64.70  62.70  59.00  55.80  54.20  53.50  55.10  54.60  54.20  56.00  58.00  58.80  59.70  59.50  59.20  58.80  56.90  55.80  54.40  54.40  52.10  49.40  45.00  43.90  42.70  41.70  41.20  40.80  40.90  41.90  43.00  41.00  40.50  39.30  38.50  37.70  37.10  36.60  36.90  37.00  37.30  36.90  36.40  36.00  35.40  34.80  34.80  34.50  33.80  33.60
 69.10  69.60  68.70  68.00  67.50  67.00  66.80  67.80  67.70  68.00  67.50  65.90  65.40  64.00  62.00  59.00  56.20  54.90  54.80  54.10  53.90  53.90  54.10  54.10  54.20  54.60  55.10  56.50  58.80  60.20  60.20  60.40  59.50  57.40  55.80  54.80  54.20  55.80  58.10  61.00  62.40  62.90  62.40  61.00  59.40  58.80  59.40  59.70  59.50  60.10  61.30  63.40  62.70  64.80  65.40  65.00  62.50  61.30  59.20  59.50  61.70  62.70  61.30  61.00  62.00  63.60  64.80  66.30  66.60  66.80  67.00  66.40  62.40  61.00  59.00  56.70  52.30  49.40  48.20  45.90  45.00  45.20  45.70  44.40  45.50  46.20  45.00  42.80  41.30  41.20  41.00  40.00  39.80  40.20  40.90  41.00  40.40  39.20  38.20  37.40  37.20  36.90  36.50  36.50
 72.80  71.90  71.70  71.00  70.10  70.50  72.10  73.00  73.90  74.00  73.30  71.90  70.00  68.70  68.20  66.40  61.80  59.20  57.60  57.40  57.10  56.90  58.70  58.80  58.30  58.80  58.70  58.50  59.50  61.30  62.90  64.00  63.30  62.20  60.20  57.60  56.50  56.50  58.00  61.00  63.80  65.90  66.80  66.60  64.70  63.60  62.90  62.50  61.10  61.00  62.20  63.80  64.70  64.00  66.30  67.00  65.90  65.90  65.00  64.80  66.10  69.40  68.60  67.50  66.40  66.40  66.80  69.80  72.10  73.30  74.90  78.40  73.70  68.70  65.20  61.80  58.50  54.80  53.20  51.80  50.50  50.00  50.00  49.20  48.30  47.70  47.70  47.30  45.90  45.00  45.00  45.90  45.40  44.70  44.60  44.90  45.70  44.70  43.70  41.30  40.00  39.20  38.50  38.50
 76.30  73.10  72.30  72.10  71.90  70.80  72.60  74.90  78.10  76.50  74.00  73.30  71.00  69.60  68.70  69.40  67.30  62.40  60.10  59.50  60.40  61.00  62.40  63.40  62.40  61.10  61.00  59.90  59.40  59.50  61.00  62.50  63.60  64.00  63.40  61.80  60.40  60.10  60.80  62.00  64.00  66.60  69.10  72.40  71.00  69.10  68.60  69.30  67.80  65.70  66.80  67.80  67.30  67.30  67.10  68.60  68.20  68.60  68.20  67.50  67.00  68.70  70.10  71.00  70.10  69.30  69.60  72.80  77.20  81.40  87.10  92.90  87.80  82.20  75.10  70.80  67.30  65.50  63.60  61.70  60.10  58.00  58.10  57.20  54.20  53.70  53.50  53.20  52.10  51.60  50.00  48.60  48.50  48.40  48.40  48.20  49.00  49.10  48.20  47.10  47.10  46.80  45.00  43.80
 78.80  75.30  73.50  72.30  71.90  71.00  70.10  71.00  74.40  77.90  77.70  74.60  73.00  71.60  69.60  68.20  68.60  67.00  63.60  62.50  62.20  62.50  65.40  66.30  66.10  64.30  62.20  61.10  60.20  59.40  59.20  60.80  62.20  63.80  64.70  64.50  63.60  63.60  63.80  64.50  65.70  66.80  68.00  72.10  75.10  76.70  76.90  76.70  77.60  74.90  73.10  73.30  71.70  72.30  72.80  71.20  70.80  72.40  74.00  72.60  71.70  72.10  72.40  72.80  73.70  74.90  76.90  79.50  83.20  90.10  98.40 100.60 100.60 100.20  95.20  86.00  80.20  78.40  75.40  72.80  71.20  66.30  66.40  64.70  62.00  58.70  59.70  59.00  59.70  60.10  58.30  55.70  53.50  51.10  51.40  51.20  52.70  53.40  53.20  52.50  53.40  53.70  53.20  51.40
 79.20  76.00  73.90  72.40  71.90  70.80  69.80  68.00  68.00  70.30  74.90  76.00  73.00  70.70  68.70  67.00  65.40  66.40  65.20  62.70  62.50  61.70  63.80  65.90  67.80  68.20  66.60  64.50  62.40  61.10  60.10  59.40  60.20  61.50  63.30  64.70  64.70  65.40  65.70  66.30  67.00  68.60  69.40  70.30  75.60  80.90  85.30  88.50  89.20  89.00  87.10  85.00  81.40  80.40  81.40  83.20  81.30  80.00  82.20  82.30  80.70  77.90  75.60  74.90  74.60  78.10  84.50  86.40  88.20  93.50  98.10  98.40  99.50 100.50  99.80  99.60  91.00  89.40  85.70  83.00  80.40  73.90  74.20  74.00  71.00  67.00  68.40  66.10  65.00  65.90  66.40  64.50  62.50  58.80  57.60  57.20  56.90  56.50  57.60  57.80  58.30  59.00  58.50  57.80
 77.70  74.20  73.00  71.00  70.70  70.10  69.60  69.30  67.50  67.30  69.30  74.00  74.70  72.30  71.00  68.00  65.00  63.10  64.10  62.70  62.50  62.40  64.00  66.30  67.80  70.00  72.10  69.80  67.30  65.00  62.50  60.20  59.50  60.10  61.70  63.40  65.20  66.40  67.30  68.20  69.30  71.60  73.90  74.70  76.90  82.50  90.10  98.90 100.70 100.90 100.60 101.10 100.30  93.50  88.70  92.80  94.30  90.30  88.70  92.00  92.90  89.80  84.10  81.80  81.80  82.00  88.00  97.50  99.50  96.30  97.70 100.10 100.00 100.20 100.10 100.90 101.00 100.30 100.20  95.80  87.60  82.90  78.30  79.70  79.70  77.20  76.30  76.50  73.30  71.70  71.40  70.80  68.70  65.50  63.30  65.40  64.00  62.00  61.80  61.70  64.70  64.70  64.50  64.00
 79.00  76.70  74.40  72.10  70.10  69.60  69.30  68.90  68.60  68.00  67.50  69.60  71.90  71.60  69.10  66.80  63.80  61.50  61.30  60.80  60.20  61.00  62.50  66.40  66.80  67.70  70.00  71.60  69.80  67.10  65.00  62.90  60.20  59.00  59.90  61.10  63.60  65.90  67.50  68.90  70.50  72.30  74.20  78.40  81.10  84.10  91.70 100.00 101.30 102.10 102.20 102.20 102.10 101.60 100.70 100.20 101.00 101.10 100.90 101.00 101.30 101.40 101.10 100.40  99.50  98.60  98.90  98.40 100.00 100.00  99.60 100.20 100.20 100.40 100.20 100.20 100.80 100.50 100.10  96.30  89.20  82.70  80.40  77.70  77.90  77.00  78.80  82.30  83.70  86.90  86.00  82.00  80.00  79.30  74.60  72.40  71.70  70.70  71.20  67.80  68.90  72.30  72.60  70.10
 79.20  79.20  77.60  74.60  72.60  71.00  70.70  69.10  68.70  68.60  68.20  68.20  68.20  68.70  67.50  66.40  64.10  61.80  61.10  61.50  60.80  59.50  61.00  64.30  66.60  65.70  66.60  67.50  68.40  68.40  66.80  65.00  63.10  61.10  60.20  60.10  61.30  63.80  65.70  67.10  69.60  71.90  73.00  75.30  82.30  88.50  90.50  98.80 101.00 102.30 103.00 103.20 102.90 102.70 102.30 101.90 101.90 102.20 102.20 102.40 102.60 102.80 103.20 102.80 102.30 101.80 101.70 100.70 100.40 100.40 100.40 101.30 101.00 101.00 100.80 100.10  99.30 100.10  99.80  96.80  90.50  86.00  82.50  79.00  78.30  78.60  79.20  81.60  84.80  89.60  92.80  93.10  89.40  86.60  86.20  81.40  81.60  76.90  78.30  79.00  78.40  78.40  79.50  80.00
 77.90  78.40  78.80  79.20  75.60  72.80  72.10  71.60  71.70  71.40  70.10  69.60  68.40  68.60  68.40  67.50  66.60  66.10  64.80  64.70  64.30  61.10  57.80  58.80  63.40  65.90  64.30  62.40  62.40  64.80  65.70  65.50  64.50  62.50  62.20  61.50  61.10  62.40  64.30  65.50  67.10  69.40  71.20  72.10  74.60  80.90  85.50  89.20  98.60 101.30 102.20 103.20 103.80 103.40 102.80 102.60 102.60 102.70 102.80 102.80 103.70 104.10 104.40 104.50 104.40 104.10 103.90 103.00 102.20 102.00 102.20 102.30 101.90 101.70 101.60 101.30 100.30 100.10  96.60  93.10  92.00  87.50  88.20  83.60  79.70  74.00  74.00  76.70  79.20  85.30  87.80  88.50  91.90  93.50  89.80  88.90  88.50  86.90  83.00  85.00  85.30  86.60  86.00  87.50
 84.60  82.70  82.50  82.50  80.40  78.10  75.10  73.70  74.60  75.80  75.80  73.70  71.70  71.20  71.00  70.70  69.60  69.60  68.20  65.50  62.90  60.80  58.00  55.80  56.70  60.80  64.50  63.40  59.50  60.40  62.00  64.50  64.70  63.40  62.70  62.50  62.40  62.00  62.50  64.00  65.40  66.40  68.60  69.80  70.50  74.60  81.10  85.70  88.90 100.10 101.20 102.00 102.80 103.30 103.20 102.80 102.80 102.90 103.00 103.40 103.80 104.40 105.40 106.50 107.50 107.90 107.20 106.20 104.60 103.60 102.90 103.70 102.70 101.90 101.40 100.90 100.50 100.10  98.20  90.10  88.00  86.00  84.60  81.40  78.10  77.60  72.10  74.40  76.70  82.20  88.30  92.80  99.10  99.10  98.20  95.40  96.80  98.90  94.90  92.00  94.90  97.50  95.90  92.80
 82.00  82.00  81.10  80.90  78.80  77.40  75.80  74.70  77.40  79.50  84.60  83.60  79.90  76.10  74.20  73.50  71.90  70.00  68.40  66.80  65.50  63.30  60.80  57.80  57.10  57.60  60.20  63.40  62.50  60.10  59.50  61.70  63.10  63.80  63.80  63.10  62.70  62.90  63.10  63.80  65.20  66.80  68.00  69.40  70.30  73.00  76.70  79.30  81.10  84.50  90.10  99.30 100.90 101.80 102.40 102.50 102.50 102.70 102.80 102.90 103.20 103.50 104.40 104.80 106.10 108.10 109.00 108.70 108.10 106.10 104.20 103.80 103.40 102.40 101.60 100.70  99.80  98.80  96.30  88.70  86.70  85.50  83.60  84.60  79.70  77.70  73.50  73.00  76.30  77.00  79.30  85.00  86.90  94.00  98.60  97.20  95.90  96.60  90.10  88.00  88.00  91.20  96.10  98.40
 81.30  81.40  81.40  81.80  79.70  78.80  77.70  77.90  80.90  83.20  86.70  92.80  89.20  85.70  80.70  78.10  75.30  73.30  70.50  68.70  67.10  66.10  64.00  60.80  59.00  57.60  57.80  59.20  61.80  61.30  61.00  63.30  65.40  66.40  67.00  67.00  65.90  64.80  64.80  65.20  65.50  66.80  69.30  70.10  70.70  71.70  73.50  74.40  75.40  77.00  81.30  86.90  92.40 100.20 101.10 101.50 101.80 102.20 102.60 102.70 102.80 103.10 104.10 104.40 104.50 105.90 108.50 111.20 112.20 112.80 108.70 105.90 104.10 103.60 102.60 101.50 100.30  97.00  91.50  86.90  85.00  82.90  81.40  81.80  79.70  76.50  74.20  73.00  74.20  77.20  76.50  81.60  81.60  86.60  89.90  93.80  93.30  92.20  90.30  92.60  92.80  90.60  91.20  98.10
 78.60  80.60  82.30  83.70  84.50  82.70  81.10  79.30  82.70  86.60  90.50  94.90  93.10  89.40  85.00  80.20  76.10  74.20  71.40  68.60  66.30  64.50  62.70  61.70  60.20  58.70  58.10  58.50  58.80  62.90  65.40  65.00  66.30  66.60  67.70  68.00  67.30  66.30  65.70  66.80  67.80  69.10  70.00  71.00  73.10  74.60  76.30  78.30  79.30  78.80  79.50  83.60  87.80  95.90 100.10 100.70 100.90 101.30 101.80 102.30 102.20 102.20 102.90 103.90 104.10 104.50 105.60 106.50 108.50 109.60 109.40 108.50 105.10 104.00 103.10 102.20 101.20 100.60  98.40  89.20  86.20  82.90  80.60  80.20  76.30  78.40  78.60  76.30  74.60  74.60  73.10  73.50  75.30  76.90  80.70  85.00  87.30  88.20  88.00  88.30  90.10  89.60  90.50  89.90
 74.20  79.20  83.60  86.20  87.60  88.30  87.50  85.00  85.50  87.80  93.80  98.80  97.20  92.00  87.30  84.30  81.30  78.40  74.20  71.20  67.80  65.50  63.60  62.20  61.50  60.40  59.20  58.70  57.80  58.80  63.10  64.80  65.70  66.30  67.00  67.80  67.70  67.00  67.80  68.20  69.60  71.00  71.70  71.00  71.90  74.40  77.70  80.00  84.10  85.90  84.10  82.30  83.40  86.70  91.00  98.80 100.40 100.70 100.80 101.30 101.70 101.80 101.80 102.50 103.30 103.90 104.10 104.40 104.70 105.90 107.20 107.60 106.70 105.20 104.10 103.40 102.50 101.80 101.50 100.50  97.30  89.40  84.30  81.30  77.60  74.70  76.30  77.70  76.70  75.10  73.50  69.80  70.80  71.40  72.40  74.00  76.00  79.00  81.80  85.00  90.30  89.90  90.30  91.30
 72.60  79.70  87.60  93.10  93.80  96.50  97.70  91.70  89.80  88.00  87.80  89.90  88.20  87.10  83.00  78.40  76.30  77.00  73.30  70.30  67.10  64.50  62.00  60.20  60.40  60.10  58.70  58.70  57.80  57.60  59.00  61.80  66.10  67.50  68.60  68.40  68.60  68.90  69.60  69.60  70.00  71.00  71.60  71.90  71.70  73.30  76.50  78.80  82.50  90.50  90.30  87.10  87.10  88.70  89.80  91.30  98.20 100.20 100.50 100.50 100.80 101.40 101.60 101.30 101.70 102.60 103.50 103.90 103.70 103.60 104.10 104.90 105.90 105.60 104.20 103.90 103.00 102.50 101.80 101.50 100.80 100.60  97.70  86.60  82.00  77.40  75.80  76.00  74.20  73.00  74.40  73.70  73.30  73.10  71.90  71.40  71.20  73.50  75.80  78.80  83.90  86.00  87.10  87.50
 71.20  77.70  85.20  95.40  99.80 100.10 100.40  99.50  96.60  93.50  88.70  85.70  82.30  80.70  77.00  73.90  71.40  70.50  70.80  69.40  66.10  63.30  61.00  57.80  57.60  59.40  59.50  59.90  60.10  59.20  59.20  60.10  64.30  67.80  69.80  70.80  71.20  70.50  70.10  70.50  71.40  72.30  72.80  73.00  73.70  73.30  75.30  77.60  78.10  82.00  87.50  88.00  89.40  92.80  92.20  91.90  96.30  99.60 100.00 100.00 100.00 100.10 100.80 100.70 100.50 101.10 101.60 102.40 102.60 102.60 102.50 102.70 102.80 103.30 103.30 103.00 102.90 102.50 101.90 101.60 101.50 101.70 101.60 100.60  92.80  83.90  78.60  75.60  73.00  70.50  70.00  70.10  71.70  71.60  71.60  71.00  71.70  73.30  75.10  77.90  81.80  84.60  85.70  86.60
 68.40  74.90  81.60  89.00  99.60 100.80 101.10 100.30  99.30  94.70  90.30  86.20  81.10  77.60  73.70  71.90  69.80  68.20  67.50  67.00  65.40  62.50  60.80  57.60  56.70  57.60  58.30  57.60  58.10  58.10  58.50  58.70  61.30  64.80  67.10  68.40  69.80  72.40  72.60  72.40  73.50  74.40  74.70  76.30  77.00  77.60  78.30  78.80  77.70  78.30  82.90  84.50  82.50  86.20  89.00  89.90  93.50  98.90 100.00 100.40 100.50 100.50 100.50 100.80 100.30 100.30 101.00 101.40 101.50 101.60 101.80 102.00 102.20 102.10 102.10 102.20 102.40 102.00 101.60 101.30 101.30 101.40 101.60 101.50 100.80  95.40  85.30  80.60  77.20  73.00  70.00  68.90  70.00  70.30  70.00  70.30  71.20  74.40  76.10  78.30  81.60  86.90  86.20  86.60
 66.40  71.00  77.70  83.20  87.80  96.30  99.60  97.00  90.10  86.60  85.30  82.70  79.30  74.20  69.60  67.50  66.40  65.90  65.20  64.80  64.30  62.50  61.10  59.40  57.60  56.90  57.80  56.70  57.10  58.70  59.50  60.80  61.50  62.40  64.10  65.40  66.60  68.70  71.20  74.00  75.30  75.60  76.00  76.50  76.00  76.70  79.30  81.10  81.40  80.60  80.60  82.30  80.60  79.70  81.40  82.50  84.50  86.40  89.20  94.90  99.30  98.90  94.00  94.00  97.20  95.60  98.40 100.20 100.10  99.80 100.40 101.20 101.80 101.80 101.70 101.40 101.50 101.50 101.60 101.60 101.50 101.30 101.10 101.00 100.80 100.20  96.30  88.30  83.90  79.30  75.80  73.00  72.30  71.00  70.10  69.80  70.30  73.90  77.20  79.50  85.00  86.90  86.70  82.70
 64.00  64.80  68.40  72.60  74.60  78.40  82.70  85.50  85.90  84.80  82.50  83.70  80.40  76.50  71.40  67.30  65.40  63.80  62.90  63.10  63.30  63.30  61.80  60.10  59.50  58.50  57.80  58.10  57.60  59.20  60.10  59.40  59.20  60.10  61.50  62.90  63.10  64.30  66.80  69.40  74.20  78.60  78.80  79.20  78.40  77.00  76.30  78.60  81.60  80.70  79.90  82.00  81.30  79.30  78.80  77.90  78.80  81.10  83.60  86.60  88.50  89.00  86.90  85.70  87.30  89.60  89.90  90.80  94.50  95.90  94.90  98.40 100.30 101.10 101.20 101.10 101.00 100.60 100.50 100.70 101.00 101.20 101.10 101.10 101.10 100.80 100.10  95.90  88.90  86.00  82.90  81.10  80.40  78.10  75.60  74.20  72.80  73.10  74.60  76.50  80.60  84.50  85.50  85.00
 60.20  59.50  61.80  65.00  66.60  68.00  70.80  73.70  77.20  78.80  80.90  82.50  80.20  76.90  73.10  68.40  65.70  64.00  62.40  62.90  62.90  63.60  62.20  61.00  60.10  60.10  59.20  57.60  58.00  58.30  58.70  57.10  56.00  57.40  59.40  60.10  60.10  60.10  61.80  64.80  67.50  73.00  78.40  79.70  81.10  79.90  76.90  75.10  76.30  77.90  77.00  76.90  77.60  76.10  76.10  74.70  76.10  78.80  80.40  80.70  81.30  82.00  81.60  80.20  80.40  82.90  85.00  85.20  85.50  86.70  87.80  88.00  89.20  92.90  97.70  98.80  98.40  97.50  96.80  94.50  96.50  99.10  99.30  99.50  99.60  99.60 100.10 100.10  98.80  96.60  95.20  92.80  90.30  86.40  83.00  81.60  78.60  77.20  76.70  76.90  77.90  78.30  78.80  81.10
 58.00  57.60  57.20  57.60  61.00  62.50  63.30  64.50  67.30  70.10  72.40  76.50  78.30  74.90  72.10  69.60  66.80  64.70  63.10  63.40  64.70  64.80  62.50  62.20  61.70  61.00  60.60  59.70  57.80  57.80  58.00  57.80  56.00  55.50  57.60  58.00  57.40  57.10  57.40  59.90  62.40  65.50  69.40  73.50  75.80  77.70  77.20  75.10  74.60  74.60  74.20  73.50  73.10  71.90  71.70  71.40  71.40  73.30  76.50  78.60  78.30  78.60  78.40  77.60  76.10  76.30  78.30  80.00  81.30  82.50  84.60  85.20  85.70  86.70  88.90  92.80  95.90  91.90  91.00  91.20  89.00  88.00  88.20  89.00  90.50  91.50  94.20  94.90  95.90  94.00  92.80  93.80  95.80  94.20  88.30  85.90  84.60  83.20  81.80  80.90  79.30  78.80  77.40  78.30
 56.00  56.20  55.30  53.40  54.20  56.20  57.40  58.70  60.10  63.80  67.00  70.30  71.90  69.80  68.60  67.00  66.10  64.80  63.80  63.40  65.50  67.70  66.30  64.70  64.70  64.30  63.30  61.80  60.10  57.60  57.40  57.80  57.20  54.90  55.70  56.00  56.00  56.50  56.50  56.90  57.10  57.80  61.80  65.90  69.10  70.00  69.80  70.10  71.60  73.00  72.40  71.60  71.00  70.30  69.80  69.80  69.60  71.00  72.10  72.80  73.70  74.40  75.10  75.40  74.40  73.50  74.00  76.10  78.80  81.30  83.00  83.20  83.90  85.20  87.30  91.50  95.80  93.50  91.50  92.00  91.70  90.30  89.20  88.70  89.20  89.80  92.00  92.20  92.20  90.60  89.60  88.50  89.00  91.70  94.30  91.50  88.30  87.10  85.70  84.50  82.30  80.90  79.70  80.20
 55.80  56.40  56.70  54.90  53.40  52.80  53.20  53.50  54.80  56.90  60.60  63.10  65.00  64.30  64.00  63.30  62.00  61.10  61.00  61.30  61.70  63.80  64.30  64.30  63.60  62.70  62.70  62.00  61.00  58.30  56.50  57.60  56.90  54.60  54.10  54.10  53.50  54.90  56.50  57.10  55.80  54.10  56.20  59.90  62.70  65.40  66.80  68.40  69.30  70.80  71.00  69.40  68.40  68.00  68.00  68.40  70.00  74.70  74.00  69.80  70.30  71.70  72.10  72.80  73.10  73.00  73.50  75.30  76.90  78.10  79.20  79.50  79.70  80.00  82.20  85.20  88.70  89.40  87.80  87.10  86.90  86.90  86.60  86.70  88.00  89.80  92.20  93.50  92.90  91.00  90.60  90.80  89.90  89.20  89.90  92.40  92.20  90.10  88.00  86.90  85.30  84.50  82.50  82.20
 54.80  54.80  54.90  54.10  52.70  51.40  51.20  51.40  51.20  51.90  54.90  55.50  56.40  56.40  57.10  56.50  56.40  54.90  54.40  54.60  55.50  56.40  56.90  58.10  62.20  64.00  60.80  60.80  59.00  58.80  56.70  55.70  55.30  53.50  52.50  51.40  51.10  51.60  53.00  53.20  52.30  51.90  53.20  55.10  57.10  59.90  62.20  64.80  66.80  67.70  68.90  68.60  67.70  66.60  65.50  65.50  67.10  70.50  70.00  68.00  68.20  69.80  71.90  72.80  73.70  74.60  75.40  76.70  78.10  78.80  79.70  79.90  80.20  79.20  79.20  80.60  84.10  86.20  86.40  86.20  85.50  85.00  84.60  85.00  85.90  89.90  94.70  98.40  99.10  97.30  94.00  94.00  94.00  94.30  94.20  94.00  93.10  91.90  88.90  87.50  85.70  84.80  84.50  82.30
 52.50  54.60  55.30  54.40  52.10  50.20  49.40  50.20  51.40  51.40  51.40  51.80  52.80  53.40  53.40  52.50  50.70  49.80  49.20  49.40  50.00  51.40  53.00  53.20  54.20  58.50  58.10  58.00  57.10  58.70  58.70  55.10  52.10  51.90  53.40  51.80  49.90  48.90  48.60  48.30  48.40  49.50  51.10  52.30  53.40  53.90  55.30  58.80  63.40  65.70  66.80  67.70  68.00  66.40  65.20  63.60  63.80  65.20  65.20  64.80  65.20  66.10  67.70  69.60  70.70  72.10  73.30  75.10  77.90  79.30  81.10  82.20  82.70  82.30  81.10  79.70  81.30  81.60  82.70  83.60  84.80  84.60  84.50  85.20  87.10  88.50  92.00  92.00  95.90  94.70  94.90  96.10  95.10  93.60  92.90  92.40  91.90  90.50  88.50  87.60  86.40  85.30  84.60  83.70
 53.40  54.40  55.30  56.50  54.10  49.70  47.60  48.20  48.70  49.20  48.50  47.80  49.20  50.40  49.90  49.40  48.60  47.40  46.60  46.30  47.30  47.90  49.20  51.60  52.10  52.70  55.70  56.40  56.70  58.80  59.20  56.40  52.80  50.70  49.80  50.40  49.70  48.60  47.60  46.50  46.00  46.50  47.30  47.70  49.10  49.80  50.90  53.70  56.70  59.00  59.90  60.40  61.50  61.30  60.80  59.70  59.20  60.20  61.30  61.50  61.50  61.50  61.80  62.50  63.60  64.70  65.40  66.80  68.40  69.80  71.70  73.10  74.00  74.60  75.80  76.70  78.10  77.70  77.70  78.80  79.90  80.90  82.20  83.00  84.80  86.40  88.30  89.20  93.10  94.50  95.60  96.60  95.20  93.10  92.60  91.30  90.60  89.90  89.60  88.50  86.90  85.70  84.60  83.60
 53.00  53.00  53.00  54.90  56.00  52.30  48.30  46.00  45.70  45.80  45.50  44.50  44.90  45.40  46.20  46.30  46.20  45.10  44.40  43.60  43.70  44.40  45.30  48.20  50.90  51.20  51.80  53.00  53.70  54.90  56.50  58.70  54.80  52.10  49.50  47.60  46.30  46.20  46.20  45.80  45.10  44.50  44.50  44.30  45.40  46.60  47.40  49.20  51.10  51.90  52.30  52.30  53.00  53.90  54.60  54.80  54.80  55.10  55.70  56.20  56.90  57.10  56.40  55.70  55.50  55.80  56.50  58.30  60.60  62.20  63.60  65.40  66.30  67.00  67.80  68.20  69.10  70.80  72.60  74.00  75.30  76.50  79.20  81.30  84.30  84.10  86.00  89.80  97.50 100.10 100.10 100.10  98.80  97.90  97.30  97.30  95.20  92.60  90.80  89.80  88.00  86.40  84.80  84.30
 50.50  50.00  48.70  48.60  48.90  49.80  49.70  48.90  46.30  44.40  43.60  42.60  41.70  41.60  41.30  41.20  41.70  41.90  41.90  40.90  40.50  41.70  43.20  43.60  45.30  47.50  48.40  48.90  48.70  49.50  49.90  53.40  51.60  49.40  47.80  46.80  45.10  44.30  43.90  43.60  43.40  42.70  42.10  41.80  42.20  43.20  44.30  46.00  47.40  48.40  49.40  49.40  49.40  49.10  49.20  49.70  50.40  51.90  53.00  54.10  56.40  58.30  56.00  53.70  53.20  52.80  52.80  54.10  55.70  57.20  59.20  60.80  61.30  62.20  63.30  64.30  65.20  65.90  67.10  68.90  70.10  72.80  75.40  78.80  80.00  82.50  84.10  89.20  92.80  99.10 100.00  99.30  98.40  97.00  94.30  97.90  99.50  97.90  95.80  91.50  88.50  86.60  82.90  80.60
 46.50  46.00  43.70  42.00  44.20  45.40  45.90  47.00  48.50  46.30  42.70  40.50  38.70  38.40  37.70  37.00  37.30  37.60  37.80  37.60  37.70  38.20  39.00  39.50  40.80  42.20  44.10  45.30  45.20  46.50  47.00  46.90  47.10  45.70  43.70  43.60  43.60  43.30  43.20  43.00  42.10  41.30  40.80  39.80  40.10  40.60  42.00  43.60  45.10  46.00  47.10  47.40  47.40  46.70  46.30  47.00  47.50  48.90  50.50  52.70  55.30  57.80  54.90  52.10  51.60  51.20  50.50  51.40  52.70  54.10  55.50  56.90  57.10  58.00  59.50  61.10  62.50  63.40  64.80  65.90  67.00  68.90  71.40  73.70  75.10  77.70  80.20  84.80  84.60  84.80  88.50  93.80  92.80  94.30  94.00  95.20  98.40  97.70  94.30  91.70  88.00  86.00  82.90  79.30
 41.00  40.40  38.60  37.60  38.20  38.50  39.70  43.70  44.70  47.10  43.90  40.40  37.20  36.30  35.60  34.80  35.00  34.60  34.20  34.40  35.00  35.00  35.80  36.40  36.80  36.90  37.90  39.40  40.30  41.00  42.50  41.60  41.10  41.80  40.80  40.90  40.80  41.00  41.90  41.90  41.10  40.10  39.70  39.20  38.80  38.80  39.60  40.60  42.00  43.50  44.30  44.60  45.20  44.90  44.90  45.40  46.00  47.00  48.70  51.80  53.40  54.80  52.50  50.50  50.90  50.50  50.00  50.50  51.40  52.70  53.90  55.50  55.70  56.50  57.40  58.70  60.40  61.70  63.40  65.00  66.30  67.50  69.60  71.60  72.40  74.00  77.60  77.70  76.90  76.10  80.20  84.80  86.70  91.00  92.20  94.00  96.50  94.20  92.40  91.50  89.90  86.70  82.70  79.30
 38.40  38.80  36.20  34.90  35.40  36.00  36.30  37.70  40.20  42.00  42.60  39.80  37.10  34.60  33.20  33.10  33.00  32.30  31.80  32.00  32.00  32.30  32.90  33.40  33.80  34.10  35.00  35.70  36.20  36.40  37.10  37.70  37.60  38.80  39.00  38.70  38.60  38.70  39.30  40.00  39.60  39.00  39.00  39.00  38.80  38.70  39.20  39.30  39.60  40.40  41.30  41.90  42.80  43.20  43.50  44.20  45.00  46.10  48.30  51.20  51.90  51.90  50.70  49.90  50.40  50.50  50.50  51.40  52.10  52.80  53.70  55.30  55.80  56.70  57.40  58.10  59.90  61.30  62.90  64.50  65.40  66.40  68.00  69.30  70.70  72.10  72.40  74.60  77.90  79.70  80.00  81.80  80.60  83.60  87.80  91.20  95.80  92.60  91.30  92.40  92.60  90.60  87.10  83.00
 35.20  35.80  34.20  32.80  32.80  34.20  34.70  35.40  36.40  36.90  38.70  38.50  35.60  33.00  31.70  31.50  30.90  30.10  29.70  29.80  29.90  30.10  30.50  30.80  30.70  30.80  30.60  30.80  32.60  33.40  34.40  35.50  35.70  36.40  36.50  36.40  36.40  36.60  36.90  37.60  38.50  38.20  38.60  39.50  39.60  40.00  40.40  40.00  39.60  39.50  39.80  40.30  40.90  41.80  42.60  43.30  44.10  45.10  46.90  49.10  49.30  48.90  49.20  49.40  49.90  50.50  50.90  51.40  51.90  52.70  53.70  54.90  56.00  57.20  58.00  59.20  60.60  62.00  62.90  63.60  64.50  65.50  67.10  69.30  71.40  73.10  73.30  75.30  78.10  80.20  80.00  79.30  79.20  81.80  85.20  88.50  93.10  88.30  86.70  86.00  86.70  87.30  85.70  82.70
 33.80  33.20  33.00  31.80  30.60  30.50  31.70  32.50  33.10  33.40  34.60  36.50  35.70  32.50  32.10  31.70  31.40  30.50  29.90  29.70  29.60  29.60  29.70  29.70  29.70  29.60  29.50  29.70  31.20  32.50  32.90  34.20  34.90  35.30  35.40  35.20  34.70  34.70  35.40  36.20  37.10  37.40  38.40  39.00  39.30  39.80  40.80  40.80  40.60  40.10  40.00  40.30  40.80  41.20  42.10  43.00  43.60  44.30  45.70  47.30  47.60  47.60  47.50  47.50  48.20  48.90  49.50  50.00  50.50  51.20  51.80  52.80  54.20  55.80  56.50  57.10  58.10  60.20  61.10  61.30  61.70  62.50  64.00  65.70  68.20  70.30  72.30  74.60  76.50  78.30  78.30  76.70  76.70  75.30  76.30  79.30  83.00  81.80  79.30  78.10  75.80  75.80  74.90  73.30
 35.30  33.30  31.80  30.10  29.20  29.50  29.60  30.30  31.40  30.90  30.40  33.00  35.00  33.20  32.10  32.30  32.00  31.30  30.50  29.90  29.30  28.80  28.80  28.50  28.80  29.10  29.10  29.60  29.80  30.50  31.80  32.40  32.60  31.80  32.20  33.20  33.90  34.10  34.10  34.40  35.00  36.30  37.30  38.10  37.90  38.50  39.30  39.80  40.20  40.10  40.00  40.00  40.50  42.40  43.90  45.10  46.10  46.20  46.50  46.90  47.30  47.70  46.60  45.80  46.10  46.70  47.40  48.20  48.90  49.70  51.10  51.40  52.70  53.90  54.80  55.10  55.50  56.50  57.40  58.30  59.20  59.90  60.60  62.00  65.00  67.30  69.80  73.10  74.60  75.60  75.40  73.50  71.90  71.00  71.70  72.10  73.90  73.00  72.60  70.80  68.90  67.50  67.10  66.30
 38.10  36.50  35.30  33.10  30.80  28.90  28.50  29.20  31.10  30.90  30.10  31.70  33.30  32.40  31.30  30.50  30.60  30.40  30.00  29.80  29.50  28.90  28.50  28.20  28.30  28.30  28.40  28.40  28.40  28.50  29.60  29.80  30.00  30.00  30.10  30.80  31.30  32.10  32.40  33.00  33.60  34.20  35.00  36.00  36.50  37.60  38.70  38.70  38.70  38.60  38.70  39.00  39.80  41.30  42.90  43.60  44.70  45.40  45.50  45.50  46.00  46.70  46.00  45.50  44.90  44.70  45.20  45.70  46.20  47.10  48.20  48.90  49.80  50.90  51.60  51.90  52.30  52.80  53.40  53.50  54.60  55.50  55.80  57.60  61.00  64.10  66.60  68.90  69.80  70.80  71.00  70.10  69.10  67.50  67.30  67.00  67.80  66.40  65.70  65.40  64.10  62.40  61.30  59.90
 37.30  36.40  36.10  34.40  31.80  29.70  28.70  28.30  29.00  30.00  30.80  31.10  33.00  30.90  29.60  28.80  29.50  29.60  29.10  28.90  28.50  28.00  28.00  28.00  28.10  27.90  27.90  27.70  27.90  27.70  27.70  27.90  28.00  28.40  28.80  28.90  29.00  29.60  30.30  31.50  32.40  32.50  33.40  34.60  36.00  37.00  37.60  37.70  37.70  37.70  37.90  38.40  39.00  40.30  41.10  41.70  42.50  43.40  43.80  43.70  44.70  45.90  45.80  45.20  43.60  42.70  42.80  43.30  44.10  44.90  45.70  46.60  47.70  48.40  48.50  48.50  48.50  49.00  49.70  50.00  50.50  51.60  52.10  53.40  55.70  58.10  61.30  64.50  65.70  66.40  66.80  66.80  65.90  64.70  62.90  62.00  62.70  61.10  59.50  57.60  56.70  55.80  55.70  54.80
 34.70  33.80  32.40  31.40  30.00  29.10  29.10  29.70  30.00  31.40  32.40  31.60  31.80  31.70  28.70  27.20  27.10  27.30  27.70  27.60  27.40  27.30  27.40  27.30  27.20  27.30  27.60  27.50  27.40  27.50  27.40  27.40  27.60  28.10  28.30  28.00  27.90  28.00  28.40  29.00  29.80  30.70  32.60  34.20  34.90  35.60  36.10  36.40  36.60  37.20  37.70  38.60  40.10  40.30  40.60  40.90  41.40  42.10  42.60  42.80  43.70  44.60  44.40  44.10  43.20  42.60  42.00  41.80  41.80  42.10  42.80  43.40  44.10  44.70  45.10  45.20  45.30  45.90  46.30  47.30  48.30  49.10  49.70  50.50  51.90  53.40  55.30  57.40  59.50  60.10  59.70  59.70  60.60  60.60  60.10  58.10  57.60  55.70  53.70  51.80  49.80  49.30  49.50  49.00
 33.10  31.60  30.60  30.00  29.30  29.10  29.50  30.00  30.60  31.70  31.40  31.30  31.30  31.60  30.50  28.20  26.60  26.30  26.30  26.00  25.70  25.70  25.70  25.80  25.80  25.90  26.10  26.60  27.10  27.30  27.60  27.70  27.90  28.20  28.30  27.90  27.50  27.60  28.00  28.50  28.90  29.60  30.60  32.00  33.10  34.40  35.50  35.80  36.20  36.60  37.40  38.80  40.60  39.80  39.30  39.30  39.60  40.40  41.00  41.80  42.50  43.20  42.90  42.60  42.20  42.60  42.60  42.40  42.00  41.70  41.40  41.60  41.90  42.20  42.70  42.90  43.20  43.90  44.60  45.30  45.90  46.50  47.00  47.40  48.20  48.90  50.20  52.30  53.40  54.20  54.40  53.90  54.90  55.70  55.70  55.30  54.80  52.50  51.20  49.20  47.40  46.20  46.10  45.40
 31.20  30.00  29.90  28.50  27.40  27.20  27.60  28.70  29.70  30.50  30.30  29.60  29.10  29.70  29.90  29.10  26.80  25.10  24.50  24.00  23.50  23.20  23.50  24.10  24.40  24.60  24.50  24.60  25.00  25.80  26.60  27.60  28.30  29.20  29.30  28.70  28.10  28.30  28.50  28.80  28.80  28.80  29.70  30.50  31.70  33.30  34.90  36.00  36.50  37.30  38.10  39.80  41.70  40.50  39.40  38.90  38.60  38.90  39.60  40.60  41.70  42.80  42.60  42.10  41.90  41.40  41.10  41.00  41.00  41.10  41.30  41.70  41.60  41.60  41.70  41.60  41.80  42.40  42.80  43.50  43.90  44.20  44.20  44.30  45.00  46.00  47.00  48.50  50.20  50.50  51.10  50.50  49.90  50.20  50.50  51.20  49.80  48.30  47.70  46.00  44.40  43.30  42.80  41.90
 28.50  28.00  27.60  26.90  26.00  25.60  25.70  26.00  27.10  28.10  28.50  28.00  26.90  26.10  25.60  25.30  24.50  23.40  22.10  21.30  20.80  20.80  21.00  21.60  22.20  22.60  22.90  23.00  23.70  24.40  25.10  26.10  27.70  29.30  30.30  30.40  29.90  29.60  29.20  29.10  28.90  28.40  29.20  30.30  31.30  32.90  34.00  35.20  36.20  37.20  38.20  40.30  41.30  40.30  39.30  38.60  38.10  38.10  38.60  39.20  40.20  41.60  41.40  41.10  40.60  39.80  39.50  39.50  39.70  40.10  40.50  40.90  41.00  41.10  41.20  41.20  41.00  41.70  41.40  41.30  41.20  41.10  40.90  40.80  41.20  41.90  43.30  45.10  46.90  47.60  47.90  47.90  47.30  47.40  47.30  48.10  46.60  45.30  43.90  42.20  40.60  38.90  38.90  38.50
 25.50  25.10  25.80  25.30  24.40  24.10  24.10  24.00  24.40  25.10  25.80  26.10  25.70  24.50  23.40  23.00  22.90  22.00  20.20  19.00  18.60  18.70  18.80  18.60  19.20  19.90  20.60  21.20  22.00  23.00  23.80  25.10  26.90  28.20  29.70  30.60  31.40  31.30  30.80  30.10  29.50  28.80  29.10  29.60  30.50  31.60  32.60  33.80  34.80  36.20  37.60  38.80  39.00  38.70  38.50  38.20  37.70  37.90  38.50  39.30  39.80  40.80  40.00  39.60  38.90  38.40  38.10  38.50  38.80  39.40  40.00  40.50  40.40  40.30  40.30  39.70  39.20  39.30  39.20  39.00  38.90  38.40  38.00  37.60  37.20  37.60  38.80  40.80  42.10  43.40  43.90  44.20  43.60  43.40  43.40  43.70  43.50  42.70  41.10  39.50  38.00  36.90  36.50  36.20
 23.90  23.10  24.70  25.90  23.70  22.60  22.50  22.80  23.10  23.10  23.00  23.00  22.80  22.50  22.00  22.30  22.50  19.90  17.30  16.90  17.00  17.20  17.50  17.40  18.00  18.80  19.80  20.20  20.50  21.40  22.80  24.00  25.50  26.40  27.50  28.40  29.30  29.90  30.80  31.20  30.40  28.90  28.40  28.20  29.10  29.90  30.70  32.10  33.30  35.00  36.60  37.70  37.90  38.00  38.00  36.80  36.30  37.00  37.70  38.60  39.60  40.40  39.40  39.00  38.90  38.50  37.80  38.20  38.70  39.30  40.00  40.60  40.60  40.30  39.70  38.90  38.10  37.30  36.80  36.50  36.80  36.60  36.30  36.10  35.20  35.40  36.10  37.10  37.70  38.20  38.90  38.90  38.60  38.20  38.80  39.00  39.80  40.50  39.20  38.00  36.50  35.60  34.50  33.60
 24.00  23.20  23.80  25.10  24.20  21.80  21.20  21.40  21.60  21.20  20.70  20.40  20.20  20.30  21.40  21.80  20.70  18.30  16.40  16.40  17.70  18.00  17.80  18.30  19.60  20.40  20.40  20.60  20.70  21.10  22.20  23.00  24.00  24.90  26.00  26.60  27.50  27.90  28.40  29.10  29.30  29.50  30.00  30.30  30.30  30.50  30.60  31.50  32.60  33.40  34.80  36.20  36.30  37.00  37.40  36.10  35.30  36.30  37.20  38.10  38.90  39.40  39.50  39.40  39.80  40.30  40.50  40.50  40.50  40.60  40.80  41.30  40.80  39.80  39.40  38.60  38.00  37.40  36.90  36.80  36.50  36.50  36.50  35.60  35.70  36.30  35.70  35.70  36.30  36.40  36.80  36.90  36.60  36.30  36.80  37.30  38.90  40.10  39.50  39.60  38.10  37.20  35.50  34.20
 23.70  22.40  21.70  21.90  22.90  21.50  20.50  20.90  21.20  20.40  19.70  19.00  18.80  19.70  22.80  23.60  21.10  19.00  17.40  16.90  17.60  19.40  20.60  20.30  20.60  21.90  21.40  20.40  20.30  20.50  21.30  22.00  22.60  23.80  24.70  25.50  26.40  26.90  26.90  27.60  28.00  28.70  28.90  29.00  29.20  29.80  30.30  31.30  32.20  32.40  32.80  34.00  34.20  35.00  35.80  35.30  35.00  36.00  36.30  36.90  37.30  37.70  37.80  38.20  38.90  39.60  40.80  41.20  42.10  42.90  42.90  43.30  42.40  41.10  40.30  39.50  38.90  38.20  37.60  37.00  36.50  36.30  36.30  35.70  35.80  35.20  34.00  33.70  34.10  34.90  35.40  35.70  35.30  35.00  36.00  37.00  39.40  41.70  41.80  42.00  40.10  38.90  37.10  35.60
 23.20  22.20  21.30  20.60  20.60  21.40  21.20  20.90  20.80  20.50  20.00  19.20  19.20  20.00  21.30  23.00  21.70  19.90  18.60  18.40  18.50  19.10  21.10  22.90  22.60  23.00  23.10  21.60  20.70  20.60  20.70  21.80  22.70  23.50  24.30  24.80  25.70  26.40  26.70  26.50  26.60  27.10  27.20  27.30  28.10  29.50  29.30  29.70  30.00  30.30  30.70  30.80  31.60  32.50  33.40  33.20  33.40  34.60  35.20  36.10  36.40  36.80  36.90  37.00  37.90  38.70  40.00  41.40  42.80  43.70  45.20  45.80  45.00  44.20  43.20  42.00  40.90  39.70  38.70  37.60  37.00  36.30  35.60  35.20  35.20  34.70  33.90  33.80  33.40  33.60  34.00  34.10  34.00  34.90  36.60  37.20  38.70  40.90  41.80  41.70  39.50  38.70  37.40  36.90
 22.70  22.30  21.50  20.70  20.40  20.50  20.50  20.50  20.90  21.60  21.70  21.50  20.80  20.60  21.40  23.20  23.30  21.00  20.10  19.40  19.00  19.40  21.50  24.30  24.00  23.00  22.80  22.10  20.90  20.20  20.40  21.80  23.70  24.40  24.00  24.50  25.30  25.80  26.70  27.60  28.10  27.40  27.70  28.80  29.00  28.90  28.20  28.40  28.40  28.50  28.70  28.80  29.70  30.50  31.40  31.50  32.20  33.20  33.90  34.80  35.30  35.60  36.10  36.40  37.20  37.90  38.90  40.80  42.70  44.30  46.80  48.40  48.10  47.80  46.60  45.80  44.30  43.00  41.60  40.40  39.70  38.50  37.40  36.80  36.10  35.20  34.50  34.40  34.20  33.20  32.90  33.00  33.40  34.90  36.20  36.30  36.90  38.20  39.60  39.80  38.90  38.70  37.30  36.50
 22.30  22.10  21.20  20.40  20.10  19.70  19.40  19.40  20.40  21.60  21.70  22.00  21.60  21.00  22.10  24.40  25.30  24.10  21.90  20.60  19.60  18.70  20.10  23.80  24.30  23.40  22.60  22.70  22.00  21.30  21.20  22.00  23.10  24.40  25.70  25.90  25.80  25.70  26.50  27.50  27.60  26.70  27.70  29.30  29.00  28.10  27.60  28.10  28.50  28.80  28.50  28.00  28.80  29.50  30.40  31.30  32.30  33.40  33.90  34.50  34.50  34.70  35.00  35.60  36.50  37.70  39.00  40.10  41.20  43.20  45.70  48.20  48.50  49.30  48.50  48.20  47.00  45.40  44.20  43.40  42.70  42.00  40.80  39.00  37.60  36.40  35.50  35.50  34.90  34.20  33.70  33.70  34.00  34.20  34.80  35.00  35.50  36.00  37.10  37.20  37.00  36.50  35.60  35.20
 21.40  21.40  20.80  20.30  19.80  19.20  18.60  18.60  19.60  21.20  21.20  20.80  20.40  20.40  20.90  22.90  24.40  24.50  23.90  22.70  20.70  18.90  18.90  20.30  22.60  23.30  22.70  22.00  21.40  21.40  22.20  22.90  23.80  24.30  26.30  27.10  26.30  25.50  25.80  26.30  26.00  25.90  27.40  27.70  27.70  27.50  26.80  27.50  27.90  28.80  29.20  29.50  30.00  30.30  31.50  33.00  34.20  35.50  35.80  36.10  35.40  34.80  34.60  34.60  35.30  35.60  36.50  37.30  38.60  40.50  43.60  46.60  47.80  48.70  48.60  48.40  47.00  45.70  44.30  43.40  42.00  41.20  40.40  39.20  38.00  36.60  35.80  35.60  35.20  34.70  34.40  34.10  33.90  33.20  33.20  33.60  33.90  33.60  34.90  35.50  35.50  35.60  35.00  34.80
 21.40  21.60  21.00  20.50  20.10  19.30  18.30  18.00  18.30  19.70  20.50  20.40  20.00  19.90  20.00  20.60  22.00  22.50  22.70  22.40  21.20  20.10  20.00  19.70  20.40  21.20  21.80  22.10  22.20  22.20  21.90  22.50  23.20  22.90  23.70  25.10  24.80  24.50  24.90  25.60  25.60  24.90  25.20  25.60  26.40  26.50  26.40  27.20  27.60  28.30  29.00  29.70  30.50  31.50  33.20  34.20  35.80  36.80  37.00  37.20  36.50  36.20  35.60  34.70  34.80  35.00  35.40  36.10  37.10  38.00  40.20  43.00  44.30  46.20  46.80  47.00  46.80  45.80  44.40  42.90  41.70  39.80  38.90  37.90  37.20  36.40  35.50  34.80  34.20  34.20  34.20  33.90  33.20  32.90  32.40  32.90  33.00  32.50  33.40  34.50  34.50  34.60  34.90  34.90
 21.20  21.10  20.50  20.30  20.00  19.50  18.80  18.70  18.10  18.30  19.50  19.80  19.40  19.60  19.90  20.10  20.40  20.40  20.60  20.70  20.60  20.40  21.40  22.40  21.80  20.60  20.50  20.70  21.00  22.60  23.50  23.10  22.70  22.20  22.40  23.60  24.00  24.20  24.60  24.90  24.80  24.40  24.40  24.50  25.30  25.70  26.00  26.50  27.10  27.90  28.20  29.10  30.00  31.50  34.10  34.70  35.80  36.60  37.10  37.30  36.50  36.20  35.50  34.80  34.50  34.50  34.90  35.30  35.80  36.80  38.00  39.80  41.40  43.20  43.90  44.90  44.30  43.80  43.00  41.90  41.70  40.30  38.90  37.70  36.60  36.00  35.00  34.50  34.10  34.10  34.10  34.00  33.20  32.90  32.10  32.40  32.20  32.10  32.30  33.10  33.00  32.90  33.60  33.90
 20.50  20.50  19.90  19.30  18.50  17.60  17.30  17.60  17.60  17.70  18.20  17.90  17.90  18.60  19.10  19.60  20.10  20.00  20.00  19.80  20.00  20.40  21.10  22.20  22.60  21.40  21.00  22.20  22.40  21.70  22.70  23.50  23.30  22.70  22.80  23.60  24.30  24.30  24.50  24.50  24.30  23.80  23.80  24.00  24.70  25.80  26.60  26.00  26.00  26.60  26.90  27.90  29.80  32.40  34.90  35.50  36.00  36.60  37.60  38.80  38.80  38.40  37.00  36.30  36.00  35.00  35.20  36.10  36.30  36.90  38.20  39.50  40.10  40.60  41.40  42.80  42.90  41.90  40.20  38.50  38.40  38.40  38.40  37.40  36.60  35.70  35.00  34.50  34.40  34.00  33.90  34.20  33.60  32.40  31.60  30.80  30.80  30.90  31.10  32.10  32.90  32.20  33.40  33.90
 20.00  20.20  19.70  18.70  17.50  16.50  15.50  15.70  16.00  16.50  16.80  17.00  17.70  18.50  19.10  19.80  20.30  20.40  20.40  20.30  20.20  20.30  20.80  21.60  21.90  21.70  21.00  21.00  21.60  22.10  22.00  22.80  23.60  24.20  23.40  23.90  24.20  24.10  24.10  24.30  24.10  23.40  23.00  23.00  23.60  24.10  24.90  24.80  25.10  25.80  26.30  27.30  28.30  29.50  30.90  32.40  34.80  36.60  38.40  40.20  41.10  42.50  40.50  38.60  37.90  37.10  36.20  35.80  36.20  36.60  38.10  39.20  40.10  40.50  41.30  42.50  42.50  41.30  38.60  36.80  36.10  35.50  35.40  35.50  35.60  35.50  34.40  33.60  33.30  34.00  33.60  33.00  32.40  31.50  30.90  30.40  30.50  30.30  30.30  31.10  32.30  32.40  33.00  33.70
 18.60  19.30  18.50  17.90  17.30  16.50  15.70  15.50  15.40  15.60  15.80  16.30  17.40  18.50  19.50  20.10  20.60  20.50  20.40  20.40  20.40  20.40  20.60  20.90  21.50  22.20  22.10  21.30  20.80  20.70  21.10  22.00  22.90  23.60  23.30  23.70  23.40  23.30  23.50  23.70  23.80  23.40  22.60  22.20  22.30  22.30  22.90  23.50  24.30  25.10  26.00  27.10  27.70  28.50  29.10  29.50  30.90  32.90  34.70  36.50  37.80  39.70  40.00  40.00  38.70  37.60  36.60  36.00  35.40  35.40  36.50  37.80  38.80  39.20  39.50  39.80  39.80  39.50  37.40  35.80  34.90  34.20  33.70  33.10  33.10  33.10  33.80  33.20  32.90  33.10  33.30  31.70  31.10  30.50  30.10  30.30  30.30  30.70  30.70  31.20  32.30  32.90  33.30  34.00
 17.30  17.70  17.40  16.80  16.50  16.10  15.90  15.90  15.80  15.70  15.40  15.50  16.50  17.60  19.00  20.20  20.90  20.90  20.90  20.90  20.90  21.10  21.50  21.80  21.90  22.10  22.50  22.40  21.80  21.30  21.30  21.80  22.50  23.00  23.50  24.60  24.60  23.90  23.20  23.20  23.10  22.90  22.60  21.70  21.00  20.50  20.90  21.90  23.20  24.20  25.60  26.90  27.90  28.90  29.00  28.70  28.90  29.00  30.10  31.80  34.10  36.10  36.40  37.00  36.40  35.20  34.10  34.00  34.50  34.50  34.80  35.70  36.30  37.10  37.90  38.40  38.40  38.40  36.90  35.20  34.00  33.00  31.80  31.10  31.70  32.50  32.50  32.50  32.50  32.40  31.30  30.50  30.00  29.90  30.50  30.10  30.00  30.40  30.90  31.50  32.40  33.00  33.70  33.90
 16.90  17.10  16.80  16.40  16.10  15.80  15.60  15.60  15.60  15.80  16.00  16.00  16.90  17.90  18.90  19.90  20.50  20.90  21.10  21.30  21.40  21.50  21.90  22.30  22.50  22.70  22.70  22.60  22.50  22.40  22.30  22.40  22.50  23.20  24.00  25.00  25.00  24.30  23.30  22.80  22.70  22.50  22.20  21.80  21.30  20.90  21.40  22.00  23.00  24.10  25.30  26.60  27.60  28.80  28.80  28.20  28.10  27.90  28.80  29.80  32.10  34.20  34.70  35.00  33.60  32.10  30.90  30.50  30.80  31.50  32.40  32.90  33.10  33.70  34.90  35.80  36.80  37.30  36.20  35.50  34.20  32.50  31.30  30.50  30.40  31.10  31.40  30.90  31.60  31.30  30.50  29.90  29.20  28.90  29.60  29.60  29.00  29.30  30.10  30.90  31.10  31.30  31.80  31.80
 16.60  16.70  16.40  16.00  15.90  15.80  15.70  15.60  15.60  15.80  16.40  16.70  17.70  19.20  19.80  20.00  20.20  20.40  20.60  21.10  21.30  21.40  21.80  22.40  22.80  23.10  23.00  22.90  22.50  22.40  22.40  22.40  22.40  22.80  23.30  23.90  23.50  23.10  22.70  22.50  22.50  22.10  21.60  21.20  21.40  21.20  21.40  21.90  23.10  24.00  25.20  26.40  27.40  28.70  28.70  27.90  27.50  26.90  27.50  28.10  30.30  32.90  33.40  34.10  32.50  30.80  29.70  28.90  28.90  29.10  29.70  30.00  30.00  30.10  30.60  31.10  32.60  34.00  34.00  34.20  33.60  32.40  32.10  31.20  29.70  29.10  29.00  28.90  29.20  29.30  29.50  29.90  29.20  28.70  28.20  28.20  28.30  29.10  29.70  29.70  29.70  29.00  28.80  28.80
