diamond 4 17年3月31日8点ECMWF_500Hpa高度10日8点预报
 17 3 31 8 240 500    2.500    2.500 -180.000  180.000    0.000   90.000 145 37
   4.0    480.0    588.0 0 0

    585.7    585.6    585.4    585.2    585.0    584.9    584.7    584.6    584.5    584.5
    584.5    584.5    584.4    584.1    583.9    583.9    583.8    583.7    583.6    584.0
    584.0    583.9    584.0    584.0    583.9    584.0    584.0    584.3    584.4    584.7
    584.8    585.0    585.2    585.4    585.5    585.3    585.4    585.5    585.6    585.6
    585.7    586.0    586.3    586.3    586.3    586.7    586.7    587.1    587.2    586.9
    586.6    586.9    587.1    587.2    587.2    587.2    587.3    587.4    587.4    587.4
    587.4    587.6    587.6    587.4    587.6    587.6    587.6    587.6    587.6    587.5
    587.5    587.5    587.3    587.3    587.4    587.4    587.1    586.9    586.2    586.4
    586.7    586.7    586.6    586.3    586.0    585.7    585.7    585.5    585.4    585.7
    585.6    585.4    585.4    585.5    585.6    585.8    585.8    586.0    586.0    586.1
    586.1    586.0    586.0    586.0    585.8    586.0    586.1    586.1    586.3    586.2
    586.3    586.6    586.4    586.5    586.4    586.8    586.6    586.8    586.9    587.0
    587.1    587.4    587.3    587.5    587.0    587.5    587.3    587.3    587.0    587.1
    586.9    586.9    587.0    586.7    586.7    586.6    586.8    586.5    586.4    586.4
    586.4    586.0    586.1    585.8    585.7

    585.5    585.4    585.3    585.3    585.0    585.0    584.9    584.7    584.7    584.5
    584.4    584.4    584.1    584.0    583.9    583.9    583.7    583.8    583.7    583.7
    583.7    583.7    583.8    584.1    584.1    584.1    584.1    584.4    584.5    584.5
    584.7    584.8    585.1    585.5    585.6    585.6    585.7    585.8    585.9    585.9
    586.0    586.1    586.4    586.5    586.6    586.4    586.8    586.9    587.0    586.9
    586.8    587.1    587.2    587.5    587.3    587.3    587.3    587.3    587.5    587.3
    587.0    587.6    587.4    587.4    587.5    587.7    587.8    587.6    587.5    587.5
    587.5    587.3    587.2    587.1    587.1    587.1    586.9    586.8    586.6    586.8
    586.7    586.6    586.2    585.9    586.0    586.0    585.6    585.6    585.5    585.7
    585.6    585.5    585.6    585.7    585.6    585.6    586.0    586.1    586.0    586.1
    586.0    585.9    586.0    585.9    586.0    586.1    585.8    586.1    586.0    586.1
    586.4    586.7    586.4    586.3    586.5    586.7    586.7    586.8    586.8    586.9
    587.2    587.2    587.3    587.4    587.5    587.4    587.6    587.2    587.2    586.9
    586.7    586.4    586.7    586.6    586.7    586.7    586.6    586.9    586.7    586.2
    586.3    586.3    585.7    585.7    585.5

    585.5    585.1    585.0    584.9    584.9    584.9    584.7    584.7    584.7    584.6
    584.5    584.5    584.2    584.2    584.1    584.0    584.0    583.8    583.6    583.6
    583.5    584.0    584.2    584.3    584.1    584.1    584.3    584.3    584.4    584.6
    584.7    584.9    585.2    585.5    585.8    585.9    586.1    586.2    586.2    586.2
    586.1    586.2    586.4    586.7    586.9    586.5    586.6    586.7    586.9    586.9
    586.8    587.0    586.8    586.9    586.8    586.8    586.9    587.2    587.2    587.2
    587.0    587.0    587.3    587.6    587.5    587.8    587.8    587.7    587.8    587.7
    587.6    587.7    587.6    587.6    587.3    587.4    587.3    586.9    587.1    587.1
    586.9    586.6    586.1    586.0    585.2    586.1    585.7    585.7    585.5    585.6
    585.4    585.4    585.7    585.9    585.9    586.0    586.1    586.2    586.2    586.1
    585.9    585.6    585.6    585.7    585.8    586.0    586.0    586.1    586.1    586.3
    586.2    586.5    586.5    586.5    586.5    586.4    586.8    586.8    586.9    587.2
    587.2    587.4    587.2    587.4    587.7    587.3    587.4    587.5    587.2    587.1
    586.7    586.8    586.8    586.5    586.7    586.8    586.4    586.8    586.8    586.4
    586.1    586.4    586.0    585.6    585.5

    585.5    585.3    585.1    584.6    584.8    584.9    584.7    584.4    584.4    584.6
    584.6    584.4    584.2    584.3    584.3    584.2    584.1    584.1    583.9    584.0
    584.0    584.2    584.3    584.3    584.5    584.2    584.8    584.7    584.7    584.8
    585.0    585.2    585.4    585.7    585.8    586.1    586.3    586.4    586.4    586.5
    586.4    586.5    586.6    586.6    586.6    586.7    586.6    586.8    587.1    587.2
    587.2    586.9    586.5    586.2    586.0    585.9    586.1    586.4    586.8    587.0
    587.0    587.2    587.0    587.4    587.6    587.8    588.1    587.9    587.9    588.0
    588.0    587.9    588.2    588.1    587.8    587.9    587.6    587.3    587.3    587.5
    587.3    586.6    587.1    586.7    586.4    586.2    585.5    586.1    585.9    586.1
    585.7    585.8    586.1    586.3    586.4    586.4    586.4    586.5    586.5    586.3
    586.2    585.6    585.5    585.7    585.9    586.0    586.2    586.3    586.4    586.3
    586.7    586.5    587.3    586.9    586.9    586.7    587.0    587.1    587.3    587.5
    587.5    587.4    587.5    587.6    587.6    587.7    587.6    587.7    587.6    587.5
    587.4    587.1    587.0    586.5    586.7    586.7    586.8    586.9    586.6    586.7
    586.3    586.3    586.1    585.9    585.5

    585.8    585.5    585.1    584.9    584.7    584.8    584.7    584.6    584.5    584.5
    584.6    584.5    584.3    584.2    584.4    584.4    584.2    584.0    584.1    584.2
    584.3    584.3    584.5    584.5    584.6    584.8    585.1    585.0    585.1    585.2
    585.4    585.8    585.9    586.0    586.0    586.1    586.4    586.4    586.6    586.6
    586.9    586.8    586.7    586.6    586.9    587.0    587.2    587.3    587.5    587.6
    587.4    587.0    586.4    585.6    584.8    584.3    584.3    584.9    585.6    586.2
    586.6    586.8    586.8    587.1    587.4    587.7    587.8    588.1    588.0    588.2
    588.1    588.3    588.6    588.8    588.2    588.0    588.1    588.1    588.0    587.8
    587.7    587.6    587.9    587.1    587.2    587.1    586.7    586.7    586.7    586.5
    586.5    586.7    586.9    587.0    587.2    587.1    587.2    587.3    587.1    586.9
    586.8    586.4    586.0    585.7    585.7    585.7    586.3    586.5    586.6    586.6
    586.6    587.3    587.8    587.8    587.5    587.5    587.5    587.9    587.9    587.9
    588.0    588.2    588.1    587.9    588.0    588.0    587.8    587.8    587.9    587.8
    587.4    587.7    587.5    587.0    587.0    587.2    586.7    586.9    586.6    586.8
    586.6    586.4    586.3    586.2    585.8

    586.0    585.7    585.3    585.1    584.8    584.9    585.0    584.9    584.8    584.9
    584.9    584.9    584.9    584.9    584.9    584.8    584.7    584.5    584.5    584.5
    584.6    584.8    584.9    584.9    584.9    585.2    585.3    585.3    585.4    585.7
    585.6    586.0    586.3    586.4    586.4    586.3    586.2    586.5    586.7    586.6
    586.8    587.0    587.0    587.3    587.6    587.7    587.8    587.9    588.0    587.9
    587.6    586.8    585.7    584.2    583.0    582.3    582.1    582.9    583.5    584.7
    585.6    586.1    586.8    587.1    587.4    587.4    587.4    587.5    587.7    588.4
    588.4    588.3    588.5    588.9    588.7    588.8    589.1    588.8    588.4    588.0
    587.9    588.0    588.1    588.2    587.4    588.2    587.5    586.6    587.3    587.6
    587.8    587.6    587.9    587.8    588.0    588.0    588.1    587.9    587.7    587.5
    587.2    587.1    586.9    586.0    586.0    585.9    586.5    587.0    587.0    586.8
    586.9    587.5    588.4    588.3    588.3    588.6    588.4    588.5    588.5    588.4
    588.3    588.3    588.2    588.2    588.1    588.0    587.9    588.0    587.8    587.7
    587.7    587.5    587.4    587.3    587.0    587.0    586.7    586.7    586.5    586.6
    586.4    586.3    586.3    586.2    586.0

    585.4    585.4    585.3    585.1    585.0    584.9    585.0    585.3    585.4    585.5
    585.5    585.4    585.5    585.5    585.6    585.6    585.4    585.3    585.1    585.0
    584.9    584.9    585.0    585.3    585.4    585.5    585.7    585.6    585.8    585.9
    586.0    586.1    586.3    586.4    586.2    586.0    586.0    586.3    586.6    587.0
    587.1    587.0    587.2    587.4    587.7    588.1    588.4    588.3    588.3    588.1
    587.4    586.3    584.6    582.2    580.3    579.8    579.6    580.2    581.3    582.6
    584.1    585.1    585.9    586.6    587.1    587.2    587.1    587.4    587.5    587.8
    587.9    588.1    588.3    588.3    588.7    588.4    588.4    588.4    588.4    588.0
    587.9    588.0    588.1    588.0    587.8    587.9    587.8    587.6    587.8    588.5
    588.7    588.9    588.9    588.9    588.8    588.9    588.7    588.5    588.2    587.9
    587.6    587.3    587.3    587.0    586.7    586.7    586.8    586.9    587.3    587.3
    587.5    588.2    588.5    589.0    589.2    589.1    588.8    588.6    588.5    588.2
    588.0    587.9    587.6    587.6    587.5    587.5    587.5    587.4    587.3    587.3
    587.3    587.2    587.0    586.7    586.5    586.4    586.2    586.0    585.8    585.6
    585.7    585.6    585.5    585.4    585.4

    584.4    584.5    584.7    584.7    584.7    584.9    585.0    585.3    585.5    585.7
    585.9    586.0    586.0    586.1    586.1    586.1    586.0    585.9    585.7    585.5
    585.3    585.1    584.8    584.8    584.8    585.2    585.3    585.5    585.6    585.8
    585.9    586.0    586.0    585.9    585.8    585.9    585.8    585.8    586.1    586.2
    586.4    586.9    587.0    587.3    587.6    588.0    588.4    588.6    588.5    588.2
    587.3    585.7    583.2    580.0    578.8    578.1    578.0    578.1    578.5    580.0
    581.7    583.4    584.5    585.3    586.0    586.3    586.4    586.6    587.0    587.1
    587.1    587.2    587.6    586.9    587.2    587.0    587.2    587.1    586.9    587.2
    587.6    587.2    587.4    587.6    587.7    587.9    588.3    588.2    588.5    589.0
    589.3    589.6    589.7    589.6    589.5    589.3    589.1    588.8    588.4    588.1
    587.7    587.3    586.7    587.1    587.1    586.9    587.1    587.2    587.1    587.4
    587.6    588.2    588.7    588.9    589.0    589.1    588.7    588.5    588.3    588.0
    587.5    587.1    586.7    586.4    586.2    586.1    585.8    585.8    585.8    585.8
    585.9    586.0    585.8    585.7    585.4    585.3    585.3    585.2    585.0    584.8
    584.6    584.5    584.3    584.3    584.4

    583.0    583.1    583.4    583.5    584.1    584.5    584.9    585.1    585.3    585.7
    585.9    586.0    586.2    586.1    586.1    586.0    585.8    585.6    585.4    585.3
    585.3    585.2    585.1    585.0    584.9    584.8    584.8    584.9    585.0    585.2
    585.3    585.6    586.5    585.7    585.3    585.1    584.7    584.9    585.0    585.0
    585.1    585.3    585.8    586.2    586.8    587.4    587.9    588.4    588.4    588.3
    587.4    585.7    582.4    579.8    578.7    578.0    577.8    577.8    577.3    577.3
    578.8    581.5    582.6    583.7    584.2    584.5    584.8    585.1    585.6    586.0
    586.0    586.0    585.9    585.8    586.0    585.5    584.9    585.0    584.8    585.2
    585.4    585.9    586.4    586.7    587.1    587.4    588.1    588.4    588.2    589.0
    589.3    589.7    590.0    589.7    589.6    589.6    589.2    588.8    588.3    587.9
    587.3    586.4    585.7    585.5    586.0    586.2    586.6    586.9    587.2    587.2
    587.7    587.8    588.2    588.5    588.7    588.9    588.6    588.2    587.9    587.3
    586.7    586.1    585.7    585.4    585.0    584.6    584.0    583.8    583.9    584.0
    583.8    583.8    583.7    583.7    583.5    583.5    583.4    583.5    583.4    583.5
    583.4    583.3    583.3    583.1    583.0

    581.9    581.7    581.7    581.8    582.3    582.9    583.5    584.2    584.7    584.9
    585.1    585.3    585.3    585.2    585.0    584.9    584.6    584.5    584.3    584.3
    584.5    584.6    584.7    584.7    584.8    585.0    585.2    585.5    585.5    585.2
    585.1    585.9    585.4    584.9    584.7    584.2    583.6    582.9    582.6    582.7
    582.9    583.2    584.0    584.6    585.3    586.1    587.0    587.6    588.1    588.2
    587.6    586.3    582.9    580.5    580.0    579.5    579.1    578.4    577.7    577.3
    578.0    579.3    580.6    581.2    581.5    581.6    582.0    582.4    583.1    583.6
    584.1    584.2    584.6    584.6    584.1    583.7    583.0    582.8    582.3    582.5
    582.9    583.6    584.4    585.2    585.6    586.6    587.1    587.9    587.9    588.0
    589.0    589.1    589.6    589.7    589.6    589.2    588.6    588.3    587.8    587.1
    586.1    584.5    582.5    582.6    583.2    584.2    585.2    585.8    585.9    586.4
    586.8    587.1    587.6    587.9    587.9    587.9    587.9    587.5    586.7    586.1
    585.5    584.7    584.3    584.0    583.8    583.4    582.8    582.3    582.2    582.3
    582.2    581.8    581.5    581.5    581.2    580.8    580.8    580.9    581.1    581.5
    581.8    582.0    582.3    582.2    581.9

    581.0    580.6    580.5    580.4    580.5    580.6    581.1    582.0    582.9    583.4
    583.7    583.6    583.5    583.1    582.6    582.3    582.1    582.1    582.3    582.5
    582.7    582.9    583.3    583.5    583.9    584.3    584.7    585.1    585.4    585.4
    585.8    585.1    584.6    584.4    584.2    583.5    582.6    581.6    580.7    579.5
    579.5    579.6    580.6    581.6    582.7    583.9    584.8    586.2    587.2    587.8
    587.9    587.2    585.0    582.8    581.9    581.0    580.4    579.7    578.9    578.7
    578.7    579.0    579.2    578.9    578.3    577.8    578.0    578.7    579.8    580.8
    581.5    582.1    582.5    582.6    582.5    582.0    581.4    580.7    580.0    579.7
    580.3    581.1    581.7    582.7    583.4    584.4    585.0    585.8    585.7    586.3
    587.3    588.1    588.4    588.7    588.5    588.0    587.4    587.1    586.2    585.0
    583.5    581.4    578.7    578.4    579.5    580.8    582.0    583.3    583.8    584.9
    585.0    585.4    585.6    586.0    585.9    586.1    585.7    585.4    584.9    584.7
    583.5    582.9    582.0    581.9    581.8    581.2    580.7    580.5    580.4    580.4
    580.1    579.9    579.5    579.0    578.8    578.5    578.6    579.4    579.9    580.3
    580.6    581.0    581.3    581.2    581.0

    579.2    578.9    578.7    578.4    578.3    578.5    579.0    579.9    580.5    581.2
    581.0    580.7    580.2    579.7    579.4    579.4    579.0    579.0    579.0    579.0
    579.4    579.8    580.1    580.6    581.3    581.8    582.8    583.5    583.9    584.4
    584.5    583.9    584.0    583.7    583.4    582.6    581.5    580.0    578.4    576.7
    576.0    575.9    576.4    577.1    578.3    580.0    582.0    583.6    585.5    586.9
    587.7    588.1    587.1    585.6    584.4    583.3    582.4    581.6    580.7    580.0
    579.6    579.5    578.6    576.6    574.0    572.2    572.2    573.9    576.0    577.8
    579.1    579.7    580.4    580.7    580.8    580.0    579.4    578.6    577.6    577.6
    577.6    578.0    578.7    579.5    580.0    581.0    581.1    581.9    582.8    583.9
    584.9    585.9    586.1    586.6    586.9    586.4    585.6    585.0    583.6    582.2
    580.3    577.2    575.2    574.3    575.7    577.7    578.7    579.5    580.9    581.4
    582.5    582.4    582.1    582.3    582.9    582.9    582.6    582.3    581.5    581.4
    580.0    579.5    578.5    578.8    578.5    577.9    576.9    577.3    577.7    578.0
    578.1    577.5    577.1    576.9    576.6    577.1    578.3    578.8    579.0    579.3
    579.6    579.7    579.7    579.5    579.2

    577.1    577.1    576.6    576.4    576.5    576.7    577.4    577.7    577.8    578.0
    577.8    577.5    576.8    576.0    575.3    574.5    574.0    573.4    573.1    573.4
    573.7    574.3    574.9    575.6    576.6    577.3    578.6    579.7    580.9    582.0
    582.7    582.1    582.3    582.5    582.2    581.4    580.2    578.2    576.1    574.7
    573.3    573.1    573.4    573.9    574.7    576.1    578.0    580.4    582.8    585.2
    586.9    588.1    588.1    587.6    587.0    586.1    585.0    584.0    583.0    582.1
    581.2    579.6    576.4    570.4    564.3    563.0    565.4    567.9    571.0    573.9
    575.8    577.2    578.3    578.7    578.2    577.3    576.2    575.8    575.5    574.8
    574.5    574.4    574.5    574.9    575.3    576.2    577.2    578.3    579.1    580.3
    581.7    582.5    582.9    583.8    584.4    583.8    583.9    582.8    581.3    579.4
    576.9    573.8    571.2    570.5    571.8    573.1    574.5    576.0    576.8    577.9
    578.8    578.0    578.0    578.2    578.5    578.6    578.5    577.8    577.1    576.2
    575.5    574.4    574.1    573.8    573.9    573.5    573.3    573.2    573.4    574.9
    575.7    575.2    574.9    575.5    576.1    577.0    577.6    578.1    578.3    578.1
    577.9    577.8    577.4    577.3    577.1

    574.7    574.7    574.5    574.3    574.1    574.2    575.0    575.1    574.8    574.8
    574.2    573.3    572.0    570.4    568.8    567.4    566.4    565.6    565.5    565.7
    566.3    567.2    568.2    568.7    569.5    570.3    571.8    573.7    575.4    577.1
    578.8    579.7    579.8    580.3    580.2    579.7    578.7    576.0    573.8    572.4
    571.4    570.7    570.0    569.6    569.9    571.1    573.2    575.7    578.9    582.0
    584.8    587.1    588.3    588.9    588.8    588.1    587.0    585.6    584.0    582.8
    581.4    579.1    572.2    564.4    558.6    553.0    557.2    563.3    568.2    571.1
    573.6    575.0    576.0    576.6    576.0    574.9    573.9    573.1    572.2    571.3
    570.3    569.5    568.8    568.4    568.6    569.4    570.9    572.3    574.0    576.0
    577.6    579.2    579.6    580.3    580.6    580.9    581.0    579.9    578.8    576.9
    573.9    570.9    569.1    569.2    569.5    570.1    571.1    572.5    573.8    574.4
    574.3    574.4    574.6    574.7    575.0    575.1    573.9    573.1    571.7    570.3
    568.9    567.7    567.4    566.9    567.1    567.6    568.0    567.6    568.7    570.0
    571.9    572.7    572.5    573.5    574.6    575.5    576.1    576.2    576.1    575.8
    575.6    575.1    574.8    574.6    574.7

    570.2    570.2    570.4    570.5    570.5    571.1    571.6    571.7    571.7    570.8
    569.6    568.1    566.9    565.5    563.5    561.2    559.3    558.3    558.3    558.5
    559.1    560.5    562.0    562.9    563.4    564.2    565.1    566.5    568.5    571.4
    573.4    574.5    576.5    577.2    577.5    577.3    576.5    574.5    572.3    570.7
    569.0    566.3    563.3    561.0    560.0    561.2    564.5    568.8    572.9    577.2
    580.8    584.6    587.3    588.9    589.6    589.4    588.4    586.9    584.8    583.3
    581.7    578.8    571.7    565.6    559.7    556.4    557.0    561.1    566.5    570.0
    572.2    573.5    574.5    574.3    572.8    572.5    571.4    569.9    568.4    566.8
    565.5    564.4    563.4    563.0    563.1    563.1    564.2    566.2    569.1    571.5
    573.4    575.1    576.6    577.4    577.7    577.9    577.9    577.0    576.6    574.3
    571.7    569.6    568.7    568.8    568.4    568.5    568.8    569.7    570.5    571.0
    570.8    570.9    571.3    571.9    571.9    571.2    569.3    567.1    565.7    563.8
    561.8    559.5    558.0    558.3    556.8    558.7    560.2    560.9    562.1    563.6
    566.5    568.4    569.4    570.4    571.6    572.5    573.2    573.1    572.8    572.8
    572.4    571.6    570.9    570.5    570.2

    564.0    563.8    564.2    564.9    566.0    566.9    567.8    568.4    568.4    567.3
    566.0    565.1    563.1    559.6    555.0    549.8    546.1    545.4    547.2    550.4
    553.1    555.2    557.4    559.2    560.2    560.3    560.8    561.4    562.6    564.8
    568.1    568.5    570.2    572.5    574.1    574.5    574.0    572.2    570.2    568.5
    565.3    560.2    554.5    552.5    552.5    553.7    555.5    557.8    563.7    570.2
    575.6    580.0    584.2    587.2    588.9    589.5    589.1    588.0    586.5    584.6
    582.7    579.9    574.8    568.7    563.8    561.1    561.3    564.0    567.1    569.6
    571.8    572.9    573.0    572.7    571.3    569.9    568.5    566.8    565.0    562.7
    560.0    558.2    556.9    556.9    557.4    558.3    559.4    561.5    564.4    567.1
    570.0    571.3    573.2    574.3    575.0    575.2    574.9    575.2    574.5    572.2
    570.4    569.1    568.3    568.1    568.0    567.9    568.2    568.2    568.2    568.1
    568.4    568.9    569.1    568.8    568.1    566.7    564.5    561.2    557.4    554.5
    552.3    549.5    547.3    544.9    543.5    544.2    547.7    550.2    552.6    555.9
    559.0    562.3    564.5    566.1    567.4    568.3    569.1    569.0    568.8    568.3
    567.6    566.5    565.5    564.7    564.0

    552.1    552.2    553.8    555.7    558.3    561.0    562.9    564.1    564.3    563.6
    562.9    561.0    557.0    550.7    543.1    539.6    536.8    534.4    535.2    538.3
    544.7    549.8    553.3    555.4    556.9    557.7    558.3    559.0    560.2    561.9
    562.9    563.7    565.1    566.9    568.9    570.8    571.1    570.0    568.6    566.7
    562.9    556.2    551.0    548.9    547.5    547.3    547.7    548.9    553.0    560.6
    568.4    574.2    579.8    583.5    586.4    588.2    588.5    588.1    587.1    585.7
    583.5    581.3    577.9    573.5    569.2    567.1    566.5    566.8    568.1    569.7
    571.0    571.6    572.0    571.0    569.5    568.4    566.8    564.3    560.8    556.4
    551.3    547.8    548.0    549.4    551.2    553.4    555.7    557.9    560.8    563.6
    566.3    568.0    569.7    571.4    572.5    572.8    572.9    573.4    571.9    569.9
    568.6    567.5    566.6    566.4    566.5    567.0    567.3    567.4    567.2    567.1
    567.2    566.9    566.7    565.7    564.1    561.7    558.6    555.4    551.5    548.5
    545.6    543.1    540.6    537.5    532.5    532.7    534.4    538.8    543.4    548.0
    551.5    555.9    558.8    560.9    562.5    563.4    563.8    563.9    563.4    562.5
    561.1    559.2    556.6    554.1    552.1

    533.8    533.3    539.7    545.6    549.8    553.3    556.5    558.8    559.8    559.6
    558.7    555.6    549.8    542.5    538.6    533.6    529.0    528.6    530.4    532.9
    537.5    544.6    549.0    551.5    553.5    554.9    556.1    557.5    558.7    559.5
    559.7    558.9    559.3    561.5    564.0    566.3    568.1    567.7    566.8    565.3
    562.0    556.1    550.6    548.6    546.9    545.1    543.7    544.3    548.3    553.6
    560.5    568.1    573.5    578.9    582.7    585.5    586.7    586.9    586.4    585.1
    583.8    581.6    579.4    576.6    573.6    570.8    568.9    568.1    568.1    568.5
    569.9    570.5    570.4    569.4    568.8    567.6    565.7    562.0    556.4    550.0
    548.5    545.3    544.6    545.0    546.4    548.8    551.9    555.0    558.6    561.5
    563.6    565.5    567.4    568.9    570.2    570.9    571.8    571.7    570.2    568.8
    566.4    563.9    562.7    563.6    564.7    565.5    565.6    565.7    565.7    565.2
    564.9    564.5    564.0    563.0    560.7    558.3    555.6    550.9    546.3    542.6
    540.1    538.0    535.2    531.3    528.5    526.2    528.1    531.8    536.2    539.1
    544.3    549.0    552.6    555.3    556.8    557.9    558.2    557.9    556.8    554.9
    551.7    547.5    542.4    536.9    533.8

    527.1    525.8    527.6    535.3    542.6    546.8    550.3    553.4    555.6    555.8
    554.2    550.4    543.5    539.4    533.4    525.7    523.1    523.5    525.9    530.0
    533.9    541.7    546.2    548.4    550.4    552.0    553.3    554.3    554.9    554.8
    554.2    553.6    552.7    555.4    559.1    562.6    565.0    565.4    565.0    563.7
    561.4    557.6    552.5    548.3    546.1    543.9    541.9    542.3    544.5    548.3
    552.8    560.3    567.7    573.3    578.1    581.3    583.5    584.1    584.0    583.4
    582.5    580.6    578.8    576.9    574.5    572.3    570.1    568.2    567.1    567.2
    567.9    568.8    568.8    568.6    568.5    567.6    565.4    561.8    559.8    556.5
    552.3    548.9    545.5    543.2    542.5    544.1    548.6    552.8    557.0    560.1
    562.1    563.5    564.7    566.5    568.1    569.4    570.5    570.4    569.3    568.2
    566.6    564.4    562.6    562.9    563.1    563.3    563.5    563.5    563.5    563.4
    563.5    563.5    563.0    561.8    559.9    557.6    554.3    549.1    543.9    539.5
    536.4    534.4    532.5    529.6    526.4    523.6    523.7    526.9    530.5    534.1
    537.9    542.3    546.0    548.7    550.3    550.9    550.6    549.6    547.6    544.2
    539.8    534.4    530.8    529.2    527.1

    522.1    522.1    524.2    529.0    536.9    542.0    545.5    549.5    552.2    552.1
    550.4    545.8    540.7    537.4    531.2    524.5    522.4    523.4    525.6    529.3
    534.3    540.9    544.5    547.2    549.1    549.9    550.0    550.2    549.0    548.7
    548.4    548.7    548.7    551.7    555.4    559.9    562.2    563.4    563.1    562.0
    560.3    557.9    554.8    550.8    546.6    543.8    541.0    539.9    540.3    542.9
    547.1    553.2    561.5    568.0    572.5    576.1    578.7    579.8    580.1    580.1
    579.5    578.4    577.0    575.2    573.0    571.1    569.4    567.5    565.2    564.6
    565.8    567.1    567.6    568.2    568.5    567.6    566.0    563.4    562.1    559.6
    556.7    554.0    550.3    546.2    540.1    542.0    546.7    552.0    556.7    559.7
    561.2    561.5    562.0    564.2    566.0    567.7    568.6    569.0    568.4    567.7
    566.7    565.8    564.6    563.5    563.3    563.1    563.0    563.0    563.2    563.2
    563.3    563.0    561.8    560.7    558.6    556.2    552.7    548.6    543.7    538.5
    534.8    531.8    530.1    528.1    525.9    523.0    522.2    524.0    526.6    529.2
    532.5    535.5    538.3    541.1    542.4    542.7    542.0    540.1    537.2    533.0
    527.8    525.2    523.3    522.4    522.1

    517.1    518.6    522.1    527.5    534.0    538.2    542.6    546.8    549.0    548.7
    546.8    542.4    539.4    537.1    533.0    530.4    528.5    527.9    529.2    531.3
    537.2    541.6    545.1    547.3    548.5    547.7    546.9    545.9    544.8    544.2
    544.2    544.5    545.8    549.4    553.8    557.1    559.7    561.3    561.3    560.5
    559.1    557.2    555.1    552.8    549.7    546.1    542.1    540.0    539.7    539.6
    542.6    547.3    554.9    562.0    566.7    569.9    572.0    573.9    574.7    574.5
    574.0    573.2    572.1    570.4    568.7    567.1    565.9    564.8    563.1    561.2
    562.6    564.5    566.0    567.1    567.8    567.7    566.7    565.0    563.3    561.8
    559.8    557.2    554.6    551.7    548.8    546.9    549.9    554.1    557.4    558.8
    559.6    559.7    560.4    561.7    562.9    565.1    566.1    566.8    566.7    566.2
    565.8    565.2    564.7    564.0    563.5    563.2    563.2    563.2    563.0    563.2
    562.8    561.7    560.0    558.2    556.0    553.3    549.8    546.8    542.8    538.5
    533.6    530.0    527.4    525.4    523.9    522.3    521.2    522.0    523.6    526.1
    528.3    530.5    532.6    534.1    534.8    534.6    533.5    531.0    526.9    523.4
    520.3    517.1    515.1    516.0    517.1

    513.3    515.7    521.0    527.4    532.8    536.6    541.0    544.3    546.0    545.8
    543.9    540.1    538.7    537.5    535.3    532.7    532.0    531.6    531.7    535.1
    539.8    542.8    545.5    546.6    546.4    545.4    544.6    542.7    540.5    539.2
    539.6    541.3    543.5    547.6    551.4    554.3    556.9    558.6    558.6    558.0
    557.4    555.9    553.8    552.3    550.5    548.1    545.1    542.3    540.0    539.8
    541.2    544.1    549.2    556.0    560.2    563.2    565.0    566.1    566.8    566.6
    566.0    565.1    563.7    562.2    561.1    560.3    559.7    559.3    558.9    557.7
    557.5    560.0    562.6    564.4    565.8    566.6    566.6    565.8    564.5    563.0
    561.2    559.4    558.5    557.1    556.0    555.4    555.8    556.8    557.3    557.0
    557.4    557.8    558.3    559.0    560.5    561.6    562.4    563.2    563.4    563.3
    563.0    562.9    562.8    562.6    562.5    562.4    562.3    562.1    561.8    561.2
    560.2    558.7    556.7    554.8    552.6    550.1    547.3    543.5    539.7    536.1
    532.3    528.1    525.3    523.7    522.7    521.9    521.2    521.0    521.8    523.1
    524.7    526.3    527.5    528.3    528.3    527.6    525.6    524.0    522.6    520.1
    516.4    513.4    512.2    512.7    513.3

    512.3    514.9    521.4    526.8    532.5    536.1    538.9    541.9    543.2    543.0
    541.1    538.4    538.2    538.1    537.5    536.6    536.1    535.7    535.5    537.8
    540.7    542.8    544.3    544.5    544.6    544.1    542.9    540.9    538.8    536.9
    538.1    540.3    542.5    545.5    548.4    551.0    553.3    554.7    555.6    555.3
    554.4    552.9    550.7    549.9    549.2    547.6    545.0    542.0    540.9    540.0
    540.5    542.6    545.7    549.8    552.7    554.8    556.1    556.7    556.5    555.7
    554.4    552.8    550.8    549.1    548.5    549.0    550.6    551.9    553.0    553.3
    553.3    553.7    556.7    559.7    562.4    564.1    565.0    565.0    564.5    563.8
    563.0    562.0    560.8    559.8    559.1    558.6    558.2    557.9    557.5    556.9
    556.4    556.0    555.4    555.3    555.5    556.2    556.4    557.0    557.6    558.0
    558.3    558.6    558.4    558.7    559.2    559.4    559.2    559.2    558.4    557.8
    556.5    554.8    552.4    550.0    547.6    545.2    541.6    538.4    535.1    531.1
    527.1    524.2    521.6    520.5    519.7    519.3    519.2    519.2    519.6    520.6
    521.6    522.4    522.9    522.8    522.4    522.3    522.1    521.7    520.2    517.6
    513.4    510.6    510.8    511.4    512.3

    512.4    516.7    522.9    527.6    532.4    535.5    537.6    539.7    540.7    540.0
    537.6    536.0    537.2    538.2    538.8    539.1    539.3    539.5    539.8    540.2
    540.8    541.7    542.5    543.4    543.6    543.5    542.1    540.8    539.4    538.9
    539.3    540.7    542.1    543.9    545.8    547.5    549.0    550.1    550.6    550.5
    549.8    549.0    547.8    546.9    546.5    545.3    543.4    540.4    538.4    538.3
    539.0    539.8    541.0    542.7    544.4    545.3    546.1    545.4    544.3    542.4
    540.0    537.7    536.5    536.1    536.0    537.8    541.2    543.8    545.9    547.4
    548.3    548.5    549.6    552.1    555.4    558.3    560.7    561.9    562.3    562.1
    561.5    561.1    560.7    560.0    559.2    558.4    557.6    556.8    555.8    554.3
    552.6    550.6    548.7    547.2    546.5    546.4    546.9    547.5    548.4    549.4
    550.2    550.9    551.7    552.5    553.0    553.2    553.1    553.0    552.5    551.9
    550.8    549.0    547.2    545.0    542.7    540.2    536.4    532.2    527.3    522.4
    519.3    518.3    517.6    517.2    516.6    515.6    514.2    513.6    513.5    514.0
    515.7    517.2    518.4    518.9    519.4    519.9    520.0    519.9    519.2    517.4
    514.9    513.4    512.6    512.2    512.4

    518.9    522.0    526.4    529.9    532.5    534.7    536.7    538.1    538.0    536.3
    534.6    534.6    536.2    537.8    538.9    539.8    540.2    540.4    540.4    540.3
    540.2    540.4    540.9    541.6    541.9    541.5    540.8    540.1    539.6    539.2
    538.9    539.3    539.7    540.2    541.0    541.8    542.5    542.6    542.4    541.7
    541.0    540.9    541.1    541.5    541.8    541.6    540.1    537.6    535.6    534.6
    534.4    534.6    535.4    536.3    537.2    537.3    536.7    535.5    533.7    531.4
    529.6    528.7    528.3    527.6    527.6    529.6    533.5    536.3    538.7    540.3
    541.4    542.1    543.2    545.3    547.0    550.0    553.2    555.4    557.1    557.6
    557.2    556.1    556.3    557.1    557.1    556.5    555.4    553.8    551.6    548.6
    544.3    539.9    537.1    535.3    534.7    534.1    534.5    535.5    537.3    538.8
    540.1    541.1    542.2    543.1    544.0    544.8    545.4    545.9    545.7    545.6
    544.9    543.6    541.7    539.7    537.6    534.2    529.9    523.3    514.3    509.0
    507.6    510.2    513.5    514.8    514.6    514.4    514.4    514.2    514.1    514.1
    514.2    514.6    515.3    515.9    516.1    516.4    517.1    517.9    518.2    518.0
    517.4    517.7    517.4    517.9    518.9

    524.9    526.8    528.7    530.6    532.6    534.5    535.7    536.0    535.1    534.3
    533.9    534.5    535.6    536.7    537.6    538.1    538.4    538.4    537.8    537.1
    537.2    537.4    537.7    538.4    538.4    538.0    537.0    536.1    535.5    535.2
    534.9    534.5    534.4    533.9    533.4    533.2    533.3    533.3    533.2    533.1
    533.1    533.9    534.8    535.7    536.4    536.7    535.5    533.6    532.8    531.5
    530.4    529.8    529.3    529.1    528.8    527.9    527.0    525.5    523.4    521.5
    521.3    522.7    523.2    523.4    524.0    525.4    527.6    529.6    531.2    532.5
    533.7    535.2    536.5    539.1    541.5    543.7    545.5    547.9    550.0    552.1
    552.4    551.2    551.2    553.1    553.7    553.1    551.5    549.1    545.8    540.4
    534.0    529.2    525.9    524.1    523.6    524.0    524.4    525.0    525.5    526.0
    527.0    527.9    529.1    530.5    532.0    533.6    535.1    536.5    537.6    538.2
    538.4    537.7    536.3    534.6    532.2    528.5    522.5    514.5    509.2    507.7
    509.5    511.9    513.5    514.2    515.1    515.9    516.0    515.4    514.6    513.8
    513.2    512.8    512.3    511.7    510.4    511.8    513.7    514.8    516.2    517.5
    518.9    520.2    521.7    523.3    524.9

    525.6    527.4    529.1    530.6    531.9    532.9    533.4    533.3    533.6    534.1
    534.5    534.9    534.9    534.8    534.8    535.0    535.1    535.1    534.8    534.4
    534.7    534.6    534.5    534.1    533.8    533.6    533.4    533.2    532.7    532.0
    531.2    530.5    529.8    529.3    528.8    528.5    528.2    528.2    528.3    528.7
    529.2    529.6    530.1    530.6    530.7    530.5    529.7    529.0    528.4    527.7
    526.7    525.9    525.0    523.8    521.9    519.9    517.4    516.3    517.6    518.6
    519.5    520.3    520.5    520.4    521.3    521.9    522.6    523.5    524.3    525.3
    526.5    528.0    529.9    532.2    534.7    537.2    539.5    541.6    544.0    546.1
    547.8    549.1    549.8    550.1    550.0    548.8    546.8    544.1    540.0    535.0
    530.6    527.6    525.0    522.9    521.2    520.0    519.3    517.3    515.2    514.1
    513.1    512.7    513.1    514.5    516.8    519.7    522.5    525.0    527.9    529.9
    531.5    531.9    531.1    529.7    527.5    523.9    519.4    517.7    516.3    515.5
    515.2    515.3    515.4    516.4    517.4    517.4    516.4    515.2    514.2    513.4
    512.8    512.2    511.8    511.3    511.0    511.4    512.2    513.1    514.2    515.6
    517.4    519.6    521.7    523.7    525.6

    522.8    524.8    526.5    527.8    528.7    529.5    531.0    532.8    534.1    534.6
    534.6    534.6    534.3    533.8    533.0    532.8    533.0    532.9    532.8    532.6
    532.2    531.8    531.2    530.5    529.7    528.8    527.7    526.5    525.3    524.2
    523.2    522.4    521.6    521.0    520.6    520.2    520.2    520.2    519.9    520.3
    520.5    520.5    520.7    521.0    521.4    522.2    522.6    522.9    523.0    522.9
    522.3    521.5    519.9    517.1    514.1    512.9    513.9    515.4    516.8    517.9
    518.9    519.5    519.9    520.0    519.9    520.0    520.2    520.0    520.0    519.6
    519.2    519.8    520.4    522.6    526.2    529.3    531.9    534.7    538.1    540.8
    542.9    544.8    545.7    546.0    545.4    544.1    542.5    539.6    536.2    532.2
    528.0    524.5    521.1    518.8    516.9    515.6    514.4    512.9    510.2    506.9
    502.5    499.8    499.7    499.2    501.4    506.0    509.7    513.1    518.1    521.6
    524.1    525.8    525.9    524.9    522.8    520.0    518.5    518.5    518.0    517.5
    517.4    517.4    518.0    519.1    519.4    518.7    517.8    517.3    516.7    515.9
    515.2    514.5    513.9    513.5    513.3    513.3    513.4    513.6    514.0    514.7
    515.6    516.8    518.5    520.6    522.8

    522.7    524.3    526.0    527.7    529.5    531.1    532.3    533.1    533.6    533.7
    533.4    533.0    532.5    531.9    531.4    530.9    530.2    529.4    528.4    527.2
    525.8    524.4    522.9    521.4    520.0    518.6    517.2    515.9    514.7    513.6
    512.5    511.7    510.7    510.0    509.3    508.6    508.2    507.9    507.8    508.2
    508.1    508.7    508.8    508.9    509.7    510.3    512.5    515.9    517.8    518.5
    518.5    517.5    515.8    514.5    514.1    514.9    515.8    516.7    517.4    518.1
    518.5    518.9    519.1    519.1    519.0    518.7    518.3    517.1    515.7    514.6
    514.5    515.5    517.1    518.8    520.8    523.6    527.0    530.4    533.6    536.4
    538.4    540.2    541.1    541.3    540.9    540.1    538.4    536.2    534.0    531.1
    527.9    524.2    521.4    518.8    516.9    515.5    514.1    512.3    509.9    506.5
    502.7    499.3    497.9    498.2    499.9    502.6    505.3    508.8    513.9    517.6
    519.7    520.9    521.0    520.0    518.1    517.1    517.8    518.3    518.3    518.2
    518.1    518.9    520.2    521.1    521.1    520.4    520.3    520.4    520.3    520.0
    519.6    519.3    519.1    519.0    518.8    518.8    518.8    518.9    518.9    519.1
    519.4    519.8    520.4    521.4    522.7

    527.8    528.7    529.6    530.4    531.1    531.6    532.0    532.2    532.1    531.8
    531.3    530.6    530.1    529.5    528.8    528.0    527.2    526.2    525.0    523.4
    521.6    519.6    517.8    515.9    514.4    513.0    511.4    509.7    508.2    506.7
    505.3    504.1    503.0    502.0    501.1    500.4    499.7    499.1    498.9    499.0
    499.5    500.2    501.2    502.4    504.0    506.3    509.9    512.8    514.8    516.1
    516.5    516.5    516.1    516.0    516.1    516.3    516.4    516.4    516.3    516.1
    516.6    517.2    517.9    518.5    518.6    518.5    518.1    517.6    517.2    516.5
    516.5    516.9    518.1    519.9    521.7    523.6    525.9    528.5    531.0    532.9
    534.7    536.1    536.8    537.0    536.7    535.9    534.5    533.1    531.5    529.6
    527.4    525.0    522.5    520.0    517.6    515.7    514.2    513.3    512.3    511.1
    509.9    508.8    508.2    508.0    508.4    509.9    511.8    513.8    515.5    516.7
    517.4    517.5    517.0    516.3    516.6    517.3    517.9    518.5    518.8    519.3
    520.1    521.1    522.1    522.8    522.8    522.6    523.0    523.1    523.1    522.9
    522.6    522.5    522.4    522.4    522.6    522.9    523.4    523.8    524.3    524.7
    525.1    525.6    526.3    527.0    527.8

    530.1    530.6    531.1    531.4    531.6    531.8    532.2    532.5    532.7    532.7
    532.2    531.5    530.5    529.6    528.6    527.7    526.7    525.6    524.4    522.9
    521.2    519.2    517.0    515.2    513.7    512.6    511.1    509.4    507.7    506.6
    505.3    504.2    503.1    502.2    501.4    500.8    500.6    500.5    500.5    500.9
    501.4    502.4    504.0    506.0    508.3    510.5    512.4    513.7    514.7    515.4
    516.0    516.3    516.4    516.4    516.2    516.0    515.6    515.1    514.9    515.1
    515.3    516.0    517.0    518.0    518.6    518.9    519.1    519.2    519.1    518.9
    519.0    519.8    520.8    522.0    523.3    524.7    526.1    527.8    529.4    530.7
    531.7    532.5    532.8    532.7    532.1    531.2    530.5    529.7    528.6    527.3
    525.7    523.9    522.0    520.0    518.0    515.9    514.5    513.6    512.9    512.5
    512.3    512.5    512.7    512.9    513.3    513.7    514.3    514.8    515.2    515.6
    515.9    516.3    516.9    517.4    517.8    518.2    518.7    519.2    519.8    520.7
    521.7    522.6    523.5    524.2    524.5    524.7    525.0    525.0    524.7    523.9
    523.4    522.9    522.3    521.7    521.4    521.5    522.1    523.2    524.5    525.8
    526.9    527.8    528.7    529.4    530.1

    530.7    531.6    532.5    533.1    533.7    534.1    534.4    534.5    534.5    534.2
    533.7    533.1    532.3    531.3    530.2    529.0    527.7    526.3    524.8    523.3
    521.8    520.2    518.6    516.9    515.3    514.0    513.0    511.9    511.2    510.8
    510.5    510.2    509.8    509.7    509.6    509.4    509.3    509.4    510.0    510.8
    511.4    511.5    512.4    513.2    514.0    514.6    515.2    515.7    516.1    516.5
    516.7    516.8    516.7    516.5    516.2    515.9    515.6    515.3    515.2    515.4
    515.8    516.1    516.5    516.9    517.7    518.5    519.3    520.1    520.7    521.2
    521.8    522.5    523.3    524.0    524.8    525.6    526.4    527.1    527.7    528.1
    528.3    528.3    528.1    527.9    527.7    527.2    526.6    525.8    524.8    523.8
    522.4    521.0    519.5    518.1    516.6    515.0    514.0    513.3    512.7    512.2
    511.9    511.8    511.9    512.2    512.6    513.2    513.9    514.7    515.5    516.2
    516.9    517.5    518.0    518.4    518.7    519.0    519.2    519.6    520.2    521.0
    522.1    523.2    524.1    525.0    525.6    526.0    526.1    526.1    526.2    526.2
    526.2    526.0    525.7    525.4    525.0    524.6    524.4    524.4    524.9    525.6
    526.6    527.7    528.8    529.8    530.7

    533.8    534.3    534.6    534.9    535.1    535.1    535.0    534.8    534.5    534.1
    533.6    532.9    532.1    531.1    530.1    529.0    527.8    526.5    525.2    523.8
    522.3    521.0    519.6    518.4    517.2    516.1    515.3    514.5    514.1    513.9
    513.7    513.7    513.7    513.8    514.0    514.2    514.4    514.5    514.7    514.9
    515.1    515.4    515.6    515.8    516.0    516.1    516.2    516.1    516.0    515.8
    515.5    515.2    514.8    514.4    514.0    513.6    513.3    513.1    513.0    513.1
    513.3    513.9    514.8    515.6    516.3    516.8    517.5    518.1    518.8    519.5
    520.2    520.7    521.3    521.8    522.2    522.6    523.0    523.3    523.6    523.8
    523.9    523.9    523.8    523.5    523.1    522.5    521.8    521.0    520.0    519.0
    518.2    517.5    516.7    515.8    515.0    514.6    514.4    514.3    514.4    514.5
    514.8    515.0    515.3    515.6    515.9    516.2    516.6    516.9    517.1    517.5
    517.8    518.0    518.3    518.6    518.8    519.2    519.6    520.0    520.5    521.3
    522.3    523.2    524.1    525.0    525.8    526.4    526.8    527.1    527.4    527.8
    528.2    528.5    528.9    529.1    529.4    529.8    530.1    530.5    530.9    531.4
    531.9    532.4    532.9    533.3    533.8

    533.2    533.3    533.3    533.2    533.0    532.8    532.5    532.2    531.7    531.2
    530.6    530.0    529.3    528.6    527.8    527.0    526.1    525.1    524.2    523.2
    522.1    521.1    520.1    519.1    518.2    517.3    516.5    515.8    515.2    514.7
    514.2    513.9    513.8    513.7    513.6    513.5    513.5    513.5    513.6    513.6
    513.5    513.5    513.4    513.2    513.0    512.9    512.6    512.4    512.1    511.8
    511.4    511.0    510.7    510.5    510.4    510.5    510.7    510.9    511.0    511.1
    511.2    511.6    512.1    512.8    513.6    514.4    515.1    515.8    516.4    516.9
    517.4    517.9    518.2    518.6    518.8    519.0    519.2    519.3    519.3    519.2
    519.0    518.8    518.5    518.1    517.7    517.3    517.0    516.7    516.3    515.9
    515.5    515.1    514.9    514.9    515.1    515.3    515.6    515.9    516.4    516.7
    517.1    517.5    517.8    518.1    518.3    518.5    518.6    518.7    518.7    518.7
    518.7    518.6    518.4    518.4    518.6    519.0    519.4    519.9    520.4    521.0
    521.7    522.6    523.4    524.2    525.0    525.7    526.4    526.9    527.4    527.8
    528.2    528.7    529.1    529.6    530.1    530.6    531.1    531.5    531.9    532.2
    532.5    532.8    533.0    533.1    533.2

    528.3    528.3    528.2    528.1    528.0    527.8    527.6    527.4    527.1    526.8
    526.5    526.1    525.8    525.3    524.9    524.4    523.9    523.4    522.9    522.3
    521.7    521.2    520.6    520.0    519.4    518.8    518.2    517.6    517.1    516.6
    516.1    515.7    515.4    515.0    514.7    514.5    514.3    514.2    514.1    514.0
    514.0    513.9    513.8    513.7    513.6    513.5    513.4    513.3    513.2    513.1
    513.0    512.9    512.9    512.9    512.8    512.8    512.8    512.8    512.8    512.8
    512.9    513.0    513.1    513.2    513.4    513.5    513.7    513.9    514.0    514.2
    514.3    514.5    514.6    514.7    514.8    514.9    514.9    515.0    515.0    515.0
    515.0    515.0    515.0    514.9    514.8    514.7    514.7    514.7    514.8    514.9
    515.1    515.3    515.5    515.7    515.9    516.2    516.6    516.9    517.3    517.7
    518.1    518.4    518.8    519.1    519.4    519.6    519.8    519.9    520.0    520.0
    520.0    520.0    520.1    520.1    520.2    520.4    520.7    521.0    521.3    521.6
    522.0    522.4    522.8    523.3    523.7    524.2    524.6    525.1    525.4    525.8
    526.1    526.5    526.7    527.0    527.3    527.5    527.6    527.8    527.9    528.1
    528.1    528.2    528.3    528.3    528.3

    523.1    523.0    523.0    522.9    522.8    522.7    522.6    522.5    522.4    522.2
    522.1    521.9    521.8    521.6    521.4    521.3    521.1    520.9    520.7    520.5
    520.3    520.0    519.8    519.5    519.2    518.9    518.7    518.4    518.1    517.8
    517.5    517.2    516.9    516.7    516.4    516.2    516.0    515.7    515.5    515.4
    515.2    515.0    514.9    514.8    514.6    514.5    514.4    514.3    514.2    514.1
    514.0    513.9    513.8    513.7    513.6    513.5    513.4    513.4    513.3    513.3
    513.3    513.3    513.3    513.3    513.3    513.3    513.4    513.4    513.5    513.5
    513.6    513.6    513.7    513.8    513.9    514.0    514.1    514.1    514.3    514.4
    514.5    514.6    514.8    514.9    515.0    515.2    515.3    515.5    515.6    515.8
    515.9    516.1    516.2    516.4    516.6    516.8    517.1    517.3    517.6    517.9
    518.1    518.4    518.6    518.9    519.1    519.4    519.6    519.8    520.0    520.2
    520.4    520.5    520.7    520.8    520.9    521.0    521.1    521.2    521.2    521.3
    521.4    521.4    521.5    521.6    521.7    521.8    521.9    522.0    522.1    522.2
    522.4    522.5    522.6    522.7    522.8    522.8    522.9    523.0    523.0    523.1
    523.1    523.1    523.1    523.1    523.1

    517.8    517.8    517.8    517.8    517.8    517.8    517.8    517.8    517.8    517.8
    517.8    517.8    517.8    517.8    517.8    517.8    517.8    517.8    517.8    517.8
    517.8    517.8    517.8    517.8    517.8    517.8    517.8    517.8    517.8    517.8
    517.8    517.8    517.8    517.8    517.8    517.8    517.8    517.8    517.8    517.8
    517.8    517.8    517.8    517.8    517.8    517.8    517.8    517.8    517.8    517.8
    517.8    517.8    517.8    517.8    517.8    517.8    517.8    517.8    517.8    517.8
    517.8    517.8    517.8    517.8    517.8    517.8    517.8    517.8    517.8    517.8
    517.8    517.8    517.8    517.8    517.8    517.8    517.8    517.8    517.8    517.8
    517.8    517.8    517.8    517.8    517.8    517.8    517.8    517.8    517.8    517.8
    517.8    517.8    517.8    517.8    517.8    517.8    517.8    517.8    517.8    517.8
    517.8    517.8    517.8    517.8    517.8    517.8    517.8    517.8    517.8    517.8
    517.8    517.8    517.8    517.8    517.8    517.8    517.8    517.8    517.8    517.8
    517.8    517.8    517.8    517.8    517.8    517.8    517.8    517.8    517.8    517.8
    517.8    517.8    517.8    517.8    517.8    517.8    517.8    517.8    517.8    517.8
    517.8    517.8    517.8    517.8    517.8