diamond 3 17年03月31日15时24小时降水
17 03 31 15 -1 
0
1 25 0 
1 1869
58607 115.9500 28.5500 1 14.4
58704 115.3500 27.6167 1 47.4
58906 115.8000 25.6000 1 149.0
90213 115.8986 28.9783 1 0.4
90408 115.5992 28.7514 1 2.8
91006 116.4125 29.1619 1 7.2
91016 115.9325 29.7111 1 42.6
91020 115.8814 29.5181 1 22.0
91060 115.2667 29.3167 1 20.6
91066 114.1047 28.9564 1 16.2
91079 115.6044 29.1822 1 9999
91119 114.8422 29.2544 1 9999
91270 115.3889 29.5453 1 31.4
91276 115.6439 29.4906 1 14.4
91283 116.4019 29.5269 1 18.0
91290 116.8661 29.9744 1 12.0
92006 116.8500 28.8500 1 7.2
92041 117.8411 28.9469 1 35.2
92059 117.7322 28.9333 1 31.0
92097 116.7000 28.5167 1 17.8
92115 118.0167 28.2167 1 48.8
92162 118.3022 28.5561 1 38.2
92202 117.3833 28.1611 1 9999
92234 117.3183 28.6556 1 20.4
92244 116.9906 29.6181 1 28.6
92264 118.0756 28.0667 1 37.0
92267 118.1069 29.3461 1 65.2
92404 118.0167 29.0667 1 9.8
94015 116.7292 28.2375 1 26.8
94016 116.8658 28.1583 1 35.4
95027 115.1164 28.5958 1 9999
95071 114.9833 28.9000 1 6.0
96004 116.5097 27.7608 1 1.6
96024 116.3972 27.7878 1 62.6
96044 116.2203 27.3522 1 27.6
96050 115.7269 27.3006 1 48.8
96095 116.2375 26.8333 1 4.0
96124 116.5825 27.2097 1 64.8
96306 116.2242 28.0792 1 36.8
96340 116.0458 27.6450 1 23.4
97003 115.1136 27.8547 1 9999
97020 114.7925 27.7294 1 3.4
97022 115.0928 27.9267 1 14.0
97206 113.9078 27.0514 1 16.6
97217 113.8819 27.6089 1 40.0
97223 113.6831 27.5822 1 17.0
97229 113.8450 27.9447 1 15.0
97235 113.9011 27.5397 1 32.2
98003 114.4278 26.1842 1 68.2
98049 115.0311 26.1886 1 46.8
98111 115.0156 27.0303 1 42.4
98148 115.3956 27.5581 1 37.8
98174 115.0067 27.4333 1 19.2
99003 114.9608 25.8644 1 87.2
99111 114.2706 25.5469 1 59.2
99112 114.0278 25.5586 1 38.6
99119 114.8803 25.7961 1 66.2
99120 114.8983 25.7247 1 100.4
99154 114.6819 25.0794 1 73.0
99156 115.4239 25.3828 1 105.8
99199 115.2947 25.6922 1 144.0
99212 115.3031 26.1017 1 27.2
99298 115.1094 25.0744 1 1.2
99720 116.2458 26.525 1 101.8
99721 116.4297 26.1081 1 107.8
90004 116.0989 28.6056 1 17.8
90032 115.7447 28.7972 1 8.4
90045 115.7319 28.6867 1 2.4
90206 115.6942 28.4039 1 10.8
90308 116.4967 28.3297 1 26.6
90313 116.2744 28.6136 1 11.0
90401 115.5461 28.8550 1 4.4
91015 115.9678 29.7056 1 23.4
91018 115.9169 29.6175 1 24.2
91051 115.3833 29.1500 1 9999
91100 115.3272 29.5953 1 25.0
91141 116.1361 29.4261 1 23.2
91159 116.2006 29.2972 1 26.4
91165 115.6386 29.6989 1 18.6
91173 114.6872 29.1733 1 10.8
91174 114.6722 28.9217 1 7.0
92005 116.6219 29.0706 1 16.0
92034 118.1525 28.9081 1 27.4
92036 118.3297 28.7139 1 43.6
92082 118.3667 28.5167 1 9999
92148 118.0239 28.8467 1 20.0
92189 117.8000 28.6500 1 40.4
92203 117.4583 28.5372 1 28.6
92251 116.9861 29.4261 1 25.4
92268 117.8311 29.3758 1 55.8
92385 118.1350 28.5128 1 9999
92401 117.4639 28.1039 1 53.0
93009 117.0569 28.9139 1 19.8
93019 117.2433 29.3017 1 45.6
93031 117.1781 29.2197 1 33.6
94002 117.2533 28.5128 1 36.0
95122 115.8167 28.0500 1 32.8
95126 114.2217 28.1192 1 2.0
95137 114.5658 28.5992 1 2.8
95140 114.9081 28.7400 1 2.8
95254 114.3286 28.3169 1 9.8
96052 115.9333 27.1139 1 64.0
96058 116.8833 27.5069 1 31.2
96072 117.0775 27.4522 1 55.8
96093 116.2378 26.5706 1 86.8
96100 116.5792 26.9203 1 61.6
96136 116.4897 27.1067 1 65.0
96140 116.0739 27.4656 1 33.2
96304 116.3075 27.8933 1 39.4
96345 115.8125 27.5583 1 34.0
96435 116.4492 27.4122 1 32.6
96456 117.0694 27.7917 1 5.6
97231 113.8975 27.7661 1 36.6
98009 114.0803 26.7586 1 45.2
98081 114.6078 26.7678 1 31.0
98091 115.5933 27.6319 1 49.0
98121 114.1606 26.5600 1 37.6
98150 115.5358 27.3711 1 3.6
98197 114.9092 26.8925 1 54.6
98204 114.2414 27.4967 1 18.4
98607 114.1494 27.2269 1 25.4
98655 114.125 27.1353 1 3.2
99068 115.3861 25.4833 1 95.0
99072 115.8178 25.1458 1 27.8
99148 115.1867 24.8678 1 56.6
99173 115.6936 25.4536 1 127.4
99204 115.9183 25.7678 1 144.0
99206 115.8594 25.7056 1 118.8
99210 115.2003 25.6347 1 136.8
99244 115.7994 25.1900 1 64.2
99246 115.6572 25.7378 1 157.8
99247 115.7047 25.8778 1 105.0
99253 115.8364 25.3583 1 167.2
99283 114.4844 25.4611 1 98.0
99647 114.2414 25.4919 1 74.4
57696 114.7833 28.4000 1 10.0
57993 115.0000 25.8667 1 84.2
58903 116.0333 25.9000 1 110.2
90020 115.8550 28.6881 1 10.6
90215 115.9789 28.9542 1 0.4
91001 116.2675 29.7808 1 18.6
91014 116.0764 29.6678 1 25.4
91021 115.9078 29.4789 1 19.8
91059 115.3000 29.3667 1 9999
91081 115.7472 29.0211 1 6.8
91098 115.5386 29.5203 1 2.2
91116 115.9931 29.5758 1 34.4
91132 115.5150 29.5011 1 20.6
91176 114.0350 28.9972 1 9.4
92068 116.8692 29.0892 1 27.4
92087 117.6083 27.9661 1 49.8
92156 118.0283 28.7328 1 34.0
92171 116.6167 28.8333 1 18.6
92188 118.0167 28.2667 1 49.2
92194 118.1989 28.4092 1 48.2
92241 116.5500 29.4667 1 26.0
92369 116.7064 28.3981 1 12.4
94017 116.9622 28.2206 1 9999
95011 115.4108 28.0019 1 9999
95016 115.7917 27.8653 1 34.4
95017 115.6958 27.9806 1 40.2
95034 114.7958 28.2986 1 7.0
95039 114.2081 28.6617 1 4.6
95077 115.9139 28.1514 1 48.6
95084 115.1808 27.9806 1 36.2
95092 115.4083 28.2297 1 8.4
95147 115.0831 28.4667 1 1.0
95256 114.2592 27.6053 1 25.6
96005 116.4733 27.9097 1 46.0
96007 116.4614 28.0578 1 9999
96059 116.6539 27.3794 1 49.8
96069 116.3933 27.1439 1 47.0
96070 116.6475 27.1514 1 17.2
96112 116.8969 27.6942 1 43.0
96116 116.1819 27.8700 1 44.4
96309 116.3092 28.1083 1 38.6
96325 116.8906 27.1203 1 89.8
96347 115.8464 27.3533 1 45.6
96352 116.2564 28.0919 1 39.8
97005 114.9103 27.6742 1 27.4
97016 114.7000 27.7831 1 29.4
97017 115.0103 27.8322 1 53.2
97219 113.9608 27.6292 1 41.2
97225 113.6436 27.5269 1 18.0
97227 113.8242 27.7022 1 38.6
97232 114.0314 27.6694 1 33.2
97292 113.8225 27.5567 1 32.8
98070 115.7631 26.9072 1 60.0
98094 113.9517 26.7414 1 76.8
98106 114.9289 27.4275 1 15.8
98128 114.8994 27.3408 1 23.2
98155 114.7478 26.4681 1 42.4
98183 114.6572 27.5519 1 17.0
98184 114.5914 27.2108 1 27.4
98189 114.2244 26.6572 1 43.4
98208 114.2511 26.4806 1 32.6
99025 115.7806 25.8375 1 130.4
99052 114.4964 26.0831 1 55.6
99162 114.5556 25.4742 1 95.8
99163 114.4958 25.5600 1 70.4
99167 114.5253 25.8756 1 55.0
99197 115.5928 26.2783 1 51.4
99241 115.1100 26.0344 1 66.0
99659 114.2578 24.6481 1 77.8
99811 114.8028 24.7933 1 62.4
99823 115.9336 25.7789 1 146.2
99836 115.3578 25.3739 1 100.8
99837 115.5106 25.3944 1 40.8
57895 114.7833 26.4667 1 53.4
57991 114.5500 25.8000 1 51.8
58505 115.8800 29.6000 1 25.8
90002 116.3539 28.9481 1 10.6
90024 115.9983 28.6219 1 10.0
90040 115.9267 28.6997 1 14.8
90044 116.0294 28.6783 1 14.0
90314 116.5361 28.4211 1 23.8
90405 115.4992 28.7581 1 3.6
91026 115.3514 29.2414 1 22.6
91040 115.9347 29.5458 1 33.6
91049 116.4297 29.7536 1 23.0
91096 116.3631 29.7872 1 3.4
91101 115.1889 29.5797 1 21.8
91110 115.6722 29.6150 1 20.0
91113 115.9989 29.6200 1 19.4
91271 115.1319 29.6642 1 4.2
92024 118.2194 28.3353 1 9999
92038 117.9153 29.1094 1 25.8
92050 118.1500 28.3000 1 44.2
92116 117.8333 28.4500 1 37.6
92154 118.0608 28.9017 1 35.2
92157 118.1569 28.8608 1 20.0
92176 116.5333 28.7667 1 19.6
92178 116.8333 28.5667 1 19.8
92219 117.7736 27.9517 1 33.2
92231 117.5839 28.9633 1 9.0
92272 117.7681 29.2442 1 45.0
93023 117.3633 29.7931 1 26.4
93027 117.4481 29.6564 1 0.8
93053 117.3044 29.3192 1 42.4
94025 117.2422 28.2717 1 9999
94035 116.9244 28.2053 1 9999
95005 114.2200 27.7483 1 38.4
95008 114.5500 27.7833 1 35.6
95030 115.4856 28.1833 1 28.8
95031 115.0814 28.3200 1 10.0
95063 114.7922 28.1558 1 23.8
95085 115.3067 27.9208 1 34.6
95089 115.2556 28.2958 1 18.8
95098 114.3911 27.8411 1 33.8
95099 114.0792 27.7781 1 43.8
95102 115.4083 28.3972 1 12.8
95144 115.1939 28.8003 1 2.0
95148 114.7667 28.2500 1 7.8
95233 115.5508 27.9358 1 42.4
96017 117.0014 27.9608 1 81.2
96067 116.4356 27.0397 1 83.0
96089 116.1761 26.9264 1 54.0
96135 116.3819 27.9561 1 52.6
96331 116.3358 27.2575 1 51.2
96432 116.3444 28.0703 1 29.2
97248 113.8689 27.1672 1 6.2
98002 114.2867 26.3436 1 36.4
98019 114.9892 27.5836 1 42.4
98074 115.3572 27.2036 1 44.8
98082 115.0589 26.5611 1 30.2
98095 114.1142 26.6864 1 9999
98171 114.2961 26.8906 1 28.6
98181 114.5325 27.4228 1 12.0
98201 115.2442 26.8225 1 46.4
98203 115.0356 27.0547 1 35.6
98209 114.2028 26.5897 1 9999
98212 114.5869 26.4061 1 9999
98221 115.3408 27.2331 1 46.4
99006 114.9336 25.8728 1 64.6
99013 114.9275 25.8328 1 83.2
99048 114.8883 24.6706 1 59.8
99049 114.3767 26.0217 1 69.0
99055 114.0139 25.7350 1 56.4
99089 115.4944 25.7444 1 111.8
99152 114.5400 24.7997 1 85.4
99205 115.8517 26.2531 1 9999
99277 115.7197 25.0644 1 58.8
58806 116.0167 26.4833 1 73.0
90409 115.7214 28.8611 1 6.6
91007 116.0019 29.1786 1 15.8
91023 116.0011 29.3092 1 15.4
91036 115.5400 29.7675 1 25.2
91073 114.2394 29.0083 1 15.2
91084 116.6047 29.6433 1 15.0
91112 115.9697 29.6808 1 18.2
91129 116.2972 29.6603 1 20.6
91142 116.6967 29.8383 1 16.4
91177 114.1861 28.9997 1 14.2
92003 116.7167 28.6333 1 12.8
92054 117.7500 28.5794 1 46.4
92112 118.0000 28.3833 1 44.0
92142 118.1069 28.6894 1 42.2
92143 118.2833 28.6356 1 54.0
92158 118.2925 28.8458 1 23.6
92181 118.2717 28.5044 1 50.8
92216 117.8100 29.3544 1 48.4
92226 117.8200 28.1886 1 46.2
92240 116.7167 29.4833 1 32.6
92408 118.2667 28.8 1 25.8
93034 117.3825 28.9922 1 4.4
94021 117.0869 28.2567 1 33.6
94022 117.1753 28.2094 1 9999
94033 116.8328 28.3492 1 27.0
94043 117.0619 28.5711 1 26.4
95053 114.5567 28.2878 1 9.2
95056 114.2406 28.2089 1 10.0
95070 115.2228 29.0586 1 12.4
95116 115.6556 28.1514 1 41.0
95123 114.2569 28.3006 1 15.4
95129 114.4144 28.2050 1 2.6
95134 115.3992 29.0014 1 5.6
95145 114.6500 28.3500 1 2.8
95253 114.3653 28.3956 1 6.2
96045 116.4339 27.5225 1 20.2
96060 116.5372 27.3597 1 25.2
96066 116.5744 27.2681 1 54.6
96083 116.3211 26.5678 1 108.4
96118 115.7125 27.1467 1 8.0
96313 116.3747 27.9122 1 0.4
96315 116.5728 28.1781 1 36.2
96323 116.6031 27.4697 1 34.0
96455 116.9589 27.7794 1 49.6
97055 114.6806 27.6850 1 34.4
97244 114.1644 27.4553 1 41.2
97257 113.8661 27.9631 1 11.2
98014 115.4989 26.8061 1 46.8
98018 115.0392 27.6442 1 43.4
98057 114.6250 26.2458 1 49.0
98079 114.0208 26.0139 1 62.4
98126 114.9197 27.0292 1 29.4
98137 114.4244 26.6461 1 49.6
98153 115.6097 27.1294 1 50.2
98185 114.3578 27.5253 1 15.6
98382 115.7728 26.8581 1 30.0
99005 114.9283 25.8422 1 80.8
99016 115.8453 26.6958 1 47.8
99032 115.0939 26.3653 1 30.0
99076 116.3042 26.4244 1 56.4
99097 115.6064 24.6522 1 46.2
99103 114.5353 24.9661 1 125.4
99149 114.6567 24.7117 1 79.4
99158 114.7044 25.3844 1 41.4
99226 116.1000 26.5272 1 88.4
99252 115.8519 25.5092 1 142.8
99270 115.3261 25.1442 1 100.4
99640 114.6114 26.1856 1 124.6
99651 114.4700 25.8431 1 80.2
99718 115.915 26.9147 1 53.8
99807 114.4856 25.6667 1 41.0
99818 115.1967 26.1597 1 40.0
99819 115.1547 26.1258 1 9999
99828 114.2361 25.3800 1 72.2
99829 114.3764 25.4544 1 108.6
58514 116.0500 29.4500 1 24.2
58602 115.5500 28.8500 1 3.2
58635 118.2000 28.4333 1 0.4
58905 115.4167 25.9667 1 83.8
90021 116.0019 28.6781 1 12.2
90037 115.9108 28.7256 1 15.4
90112 116.1322 28.7322 1 15.0
90317 116.4653 28.5453 1 27.2
90404 115.6272 28.7994 1 1.2
91072 114.7175 28.9931 1 14.6
91088 116.5333 29.3667 1 34.6
91153 115.6486 29.4269 1 16.2
91268 115.7183 29.6172 1 19.8
91274 115.5219 29.1811 1 10.0
91310 114.3869 29.1269 1 8.2
92004 116.7333 29.3500 1 41.4
92017 116.9642 28.8489 1 14.4
92029 117.3497 28.1986 1 47.0
92057 117.7650 28.9569 1 9999
92080 118.1500 28.9000 1 25.6
92085 117.7939 28.2917 1 39.8
92096 116.8000 28.4667 1 26.8
92128 117.4833 28.6667 1 28.2
92159 118.2239 28.7417 1 35.0
92174 116.5833 28.5833 1 15.8
92197 117.2033 28.7150 1 12.6
92232 117.5167 28.3167 1 44.8
92395 117.4711 29.2614 1 67.8
93032 117.1375 29.1767 1 27.6
93054 117.3633 29.7739 1 28.4
94004 117.2900 28.4522 1 30.2
95057 114.9347 28.3092 1 10.4
95067 115.0000 28.4333 1 6.4
95090 115.2917 28.3919 1 12.6
95106 115.1750 28.1222 1 4.4
95135 115.3939 28.8144 1 3.2
96003 116.1553 27.9283 1 49.2
96023 116.3681 28.1131 1 22.2
96025 117.1292 27.8358 1 75.8
96042 116.1250 27.3033 1 57.8
96068 116.6047 27.0542 1 65.2
96073 116.8428 27.1297 1 97.8
96141 115.9781 27.5422 1 26.6
96316 116.5606 28.2525 1 25.4
96343 115.7561 27.1917 1 24.2
96351 116.3692 27.9692 1 9999
96353 117.0064 27.1453 1 9999
96357 116.9839 27.3631 1 33.4
96436 116.4308 27.3786 1 37.2
97010 114.9492 27.9244 1 37.4
98013 115.3000 26.9689 1 57.4
98034 114.9872 27.1281 1 49.0
98063 114.3214 27.2353 1 0.2
98142 115.5472 27.5633 1 36.8
98147 115.0500 27.5417 1 30.4
98182 114.7161 27.4281 1 10.0
98195 115.1758 26.7069 1 61.6
98214 115.3250 27.6064 1 6.0
98222 115.6936 27.0697 1 59.4
99014 116.1631 26.5919 1 140.2
99027 115.5431 25.9600 1 74.0
99038 114.6711 26.0561 1 88.8
99057 114.4367 25.4436 1 89.8
99058 114.2219 25.3639 1 78.4
99098 115.3697 24.8544 1 40.6
99101 114.5128 24.6050 1 95.6
99122 116.4408 26.4267 1 95.8
99165 114.2661 25.8456 1 54.8
99182 115.2311 26.3603 1 43.2
99183 115.3214 26.6239 1 65.0
99219 115.1367 25.9572 1 78.2
99289 114.1703 25.8553 1 54.4
99303 116.0689 25.9092 1 124.0
99722 116.0939 25.7494 1 119.4
99817 115.6611 26.2386 1 42.6
99833 115.3458 26.2792 1 38.2
58608 115.5500 28.0667 1 37.2
90039 115.9436 28.6350 1 11.6
90306 116.2678 28.4467 1 17.2
91004 116.1083 29.3911 1 20.4
91050 115.1333 29.2333 1 9.4
91070 114.1519 29.0578 1 7.8
91091 116.3000 29.4500 1 17.0
91134 115.5106 29.2083 1 12.6
91146 115.8903 29.3567 1 20.0
91150 115.9508 29.5942 1 0.6
91154 115.7119 29.2797 1 16.0
91161 116.5847 29.2486 1 32.6
91166 115.4414 29.5844 1 9999
91258 115.9808 29.6272 1 12.6
92014 117.0100 29.3903 1 36.0
92021 118.3650 28.4839 1 9999
92025 118.1122 28.3244 1 45.0
92078 117.9500 28.7667 1 30.2
92091 117.6761 28.2447 1 30.2
92094 117.6850 28.3239 1 8.8
92108 117.9667 28.5500 1 32.8
92166 117.3800 28.6506 1 23.6
92168 117.3272 28.2650 1 39.4
92222 117.8517 28.2978 1 39.0
92239 117.0083 29.1447 1 25.6
92276 118.0981 28.5731 1 37.0
93004 117.5675 29.5319 1 44.2
93016 117.1631 28.8644 1 11.4
93021 117.4500 29.4667 1 40.2
93051 117.0331 28.8942 1 6.2
95024 115.0236 28.7522 1 1.2
95054 114.4417 28.3417 1 9.2
95096 114.4297 28.0006 1 29.8
96026 116.8478 27.7742 1 21.6
96028 117.1411 27.7006 1 55.8
96132 116.5442 28.0967 1 41.0
96137 116.1558 27.8644 1 39.8
96138 115.9864 27.8767 1 46.8
96301 116.5903 27.7608 1 0.8
96302 116.4167 27.7131 1 1.6
96324 117.0339 27.4169 1 53.2
97033 114.8164 28.0150 1 26.4
97035 114.5308 27.8408 1 9999
97247 113.9028 27.3794 1 12.8
97293 113.7717 27.4664 1 19.0
98035 115.4961 27.6606 1 47.2
98038 115.2161 27.5728 1 48.8
98075 115.3786 27.3494 1 30.2
98077 114.5239 26.6086 1 9999
98090 115.4681 27.8378 1 53.6
98108 115.2600 27.4481 1 18.6
98109 114.8797 27.4225 1 15.6
98129 114.9217 27.2536 1 34.2
98176 115.1200 27.2686 1 47.4
98191 114.8756 27.1403 1 56.2
98199 115.3819 26.7128 1 57.2
98501 115.4283 27.4800 1 24.8
98904 114.1761 26.4819 1 9999
99085 116.1481 26.2444 1 87.0
99096 114.7042 25.5817 1 105.8
99116 114.9828 25.7903 1 77.8
99155 115.3867 25.0539 1 73.0
99157 115.3894 24.9544 1 62.2
99159 115.2369 25.3536 1 89.2
99160 114.9256 25.1758 1 88.6
99184 115.3417 26.5506 1 38.2
99186 115.6681 26.6039 1 80.2
99196 115.4631 26.0647 1 42.6
99200 115.5642 26.1094 1 20.8
99258 114.7361 25.7900 1 48.2
99282 115.7342 24.9347 1 39.0
99285 113.9789 25.6239 1 51.4
99292 114.1650 25.7283 1 52.2
99684 113.9961 25.6828 1 53.2
99685 115.5769 26.5583 1 62.6
99724 115.2106 25.6028 1 89.4
99803 115.0336 25.4539 1 76.8
99804 114.7042 25.3844 1 80.6
99838 115.7328 25.0039 1 44.2
57699 114.9167 28.2333 1 19.4
57799 114.9167 27.0500 1 37.4
57899 114.9167 26.8000 1 52.4
58503 115.6667 29.7000 1 23.8
58512 116.5500 29.9000 1 18.2
58524 117.2153 29.3617 1 53.8
58609 115.8167 28.2167 1 36.2
90038 115.8625 28.6397 1 8.0
90210 115.7347 28.5322 1 6.4
90211 115.9389 28.8533 1 2.0
90303 116.4064 28.4922 1 23.2
90315 116.2253 28.2408 1 30.4
91039 115.9550 29.5344 1 37.2
91063 114.6000 29.1500 1 6.8
91099 115.4986 29.7142 1 26.4
91106 116.1303 29.7847 1 23.6
91130 115.5828 29.3653 1 19.2
91168 116.4206 29.8514 1 14.6
91171 116.0672 29.7050 1 24.0
91269 115.8197 29.5006 1 14.6
91297 114.5828 29.2892 1 15.0
92002 116.6333 28.7833 1 18.0
92008 116.6175 28.8500 1 15.4
92010 116.7167 28.7500 1 8.4
92022 118.2253 28.5639 1 43.6
92032 117.3619 28.5836 1 31.0
92035 117.9414 28.6600 1 49.2
92044 117.7672 29.0547 1 20.2
92055 118.0900 28.0800 1 50.2
92070 116.8422 29.5206 1 26.6
92071 116.9964 29.3372 1 38.6
92073 116.8678 28.7194 1 1.4
92077 117.2214 28.6614 1 14.2
92084 117.7394 28.0103 1 56.6
92098 116.7833 28.7000 1 9999
92103 116.7833 28.6500 1 13.4
92177 116.7667 28.5333 1 9999
92179 116.7000 28.6000 1 21.0
92185 117.9667 28.5000 1 47.2
92207 118.0517 29.3725 1 53.2
92352 118.2919 28.1131 1 20.8
92384 118.1039 28.4361 1 52.2
92398 117.7086 28.3008 1 21.0
94003 117.2094 28.3853 1 31.6
95051 115.4367 28.6469 1 4.2
95101 115.5311 28.1836 1 13.6
95110 116.0639 28.0458 1 32.0
95264 115.2989 29.0503 1 0.2
96019 116.6519 28.0186 1 40.4
96121 116.7517 27.8278 1 63.8
96321 116.8242 27.7286 1 59.8
96326 116.9072 27.2386 1 72.2
97007 114.8331 27.6331 1 2.4
97025 114.7600 27.6867 1 27.8
97045 114.8369 27.9322 1 32.0
97047 114.8614 27.6458 1 31.8
98037 115.4161 27.5203 1 9.8
98044 114.2167 27.2978 1 2.4
98045 114.7900 27.1886 1 4.0
98130 114.8453 27.3397 1 14.0
98167 115.2514 26.6753 1 56.0
98192 114.9667 27.1008 1 0.8
98194 115.1347 26.5983 1 54.2
98196 114.9742 26.8250 1 51.2
98327 114.1136 26.0439 1 74.0
98551 115.2597 27.0542 1 45.4
98700 114.4692 27.0306 1 15.4
99011 114.9044 25.9244 1 83.0
99042 115.1019 25.3336 1 58.4
99063 114.6478 24.6500 1 63.6
99065 114.4667 24.9506 1 83.8
99102 114.8461 24.8656 1 106.2
99211 115.0739 25.6981 1 107.0
99264 114.5942 25.9086 1 47.2
99294 114.8261 25.1219 1 60.8
99680 115.2156 24.7828 1 57.2
99681 115.0917 24.8981 1 72.2
99714 115.5722 25.2078 1 86.6
99719 116.5531 26.5336 1 118.6
99822 114.9547 24.7028 1 54.0
99825 115.9628 26.2106 1 52.8
57894 114.1667 26.5833 1 46.2
58502 116.0000 29.7333 1 24.2
58622 117.5833 28.9500 1 11.0
90023 115.8764 28.6631 1 10.6
90026 115.9406 28.7256 1 14.6
90029 115.8678 28.7008 1 6.2
90103 115.9889 28.5722 1 13.0
90302 116.1886 28.1947 1 32.6
91010 115.9244 29.5806 1 25.0
91012 116.0539 29.5414 1 19.2
91041 114.4222 29.0450 1 9.6
91048 116.7103 29.7833 1 18.8
91057 115.0167 29.4833 1 9999
91068 114.0275 29.0811 1 7.0
91082 116.6333 30.0000 1 18.8
91136 115.4567 29.6328 1 25.0
91139 116.3281 29.2581 1 20.2
91160 116.5181 29.2458 1 30.2
91178 114.2522 29.1194 1 8.6
92083 117.8250 27.9697 1 69.8
92121 117.4833 28.7167 1 9999
92172 116.5833 28.5333 1 24.8
92266 117.5994 28.7089 1 2.0
92363 116.7047 28.9936 1 9999
93007 117.4953 28.8719 1 12.8
93014 117.0869 29.0617 1 19.0
93026 117.2114 29.5472 1 26.0
93044 117.1692 29.2653 1 38.4
94019 116.8789 28.3344 1 0.2
94034 117.1306 28.5500 1 27.2
94048 117.2653 27.9881 1 58.8
95046 114.2239 27.8169 1 9999
95064 114.9725 28.2089 1 27.8
95156 115.2447 28.3914 1 8.0
95236 115.1417 28.7522 1 2.8
95237 114.7833 28.7028 1 10.2
96008 116.3006 28.1761 1 36.2
96119 116.6042 27.8178 1 54.0
96337 116.1742 27.8097 1 55.2
97012 115.2247 27.8131 1 1.8
97024 114.5900 27.6700 1 26.4
98060 114.7064 26.5061 1 57.6
98065 114.3111 27.4711 1 17.2
98103 114.3625 27.0206 1 24.2
98104 115.1292 27.1594 1 44.4
98124 114.7533 27.0081 1 23.0
98135 114.3950 26.4061 1 33.2
98143 115.6847 27.7100 1 42.4
98162 114.7767 26.8806 1 14.2
98172 114.3067 26.9339 1 13.0
98177 115.1483 27.4219 1 16.4
98213 114.5747 26.3503 1 41.0
98903 114.1008 26.6192 1 9999
99008 114.8778 25.8375 1 76.8
99090 115.4264 25.6661 1 116.2
99124 116.3622 26.2147 1 93.4
99144 115.7164 24.7986 1 45.6
99180 115.2986 26.1850 1 42.4
99192 115.3992 25.8422 1 102.2
99208 116.0717 25.9931 1 99.8
99644 115.1244 25.1572 1 75.0
99661 114.3933 24.8631 1 137.4
99814 115.7897 25.4339 1 143.6
99816 115.6150 26.0156 1 78.4
99827 115.8481 26.4442 1 51.6
57796 114.9333 27.8000 1 43.2
58623 117.9167 28.4667 1 35.6
58713 117.0667 27.7167 1 50.0
58804 115.3500 26.3500 1 36.4
58907 115.4000 25.1500 1 93.6
90046 115.8186 28.6256 1 9.0
90047 116.0353 28.6503 1 12.8
90204 115.5711 28.5128 1 5.2
91087 116.5333 29.2333 1 9999
91090 116.2000 29.3333 1 19.2
91144 116.7925 29.8853 1 16.8
91158 116.2458 29.2944 1 27.4
91284 116.3164 29.3822 1 21.0
92013 116.8308 29.2375 1 34.4
92072 116.9722 28.5533 1 20.2
92165 117.5000 28.6244 1 23.0
92183 118.1556 28.5494 1 49.6
93002 117.2125 29.7469 1 15.6
93005 117.3000 29.0333 1 36.8
93012 117.3753 29.1314 1 27.0
94045 117.1164 28.0164 1 54.0
95076 115.8625 28.2444 1 30.2
95078 115.9181 28.0014 1 29.2
95082 115.6817 28.0642 1 36.8
95093 115.1319 28.1336 1 5.0
95113 115.5139 28.2694 1 15.6
95226 115.7200 27.7967 1 36.8
96011 116.5406 28.3731 1 32.4
96054 115.7267 27.4906 1 33.0
96074 117.0114 27.1717 1 55.4
96117 115.7917 27.6250 1 30.8
96308 116.2639 28.1214 1 9999
96310 116.3636 28.0108 1 48.2
96328 116.8589 27.0822 1 67.8
96338 116.1989 27.9103 1 43.4
97032 114.6756 28.0703 1 28.4
97043 114.8906 27.8414 1 24.0
97228 113.8639 27.6914 1 49.2
97233 114.1186 27.6975 1 28.4
97241 114.0108 27.5156 1 14.0
98020 115.4944 27.4333 1 14.8
98042 115.3636 27.0797 1 40.6
98048 115.0061 26.3472 1 35.8
98055 114.3931 26.2517 1 57.2
98059 114.6536 26.6697 1 57.0
98080 114.1953 26.0831 1 59.4
98088 115.4508 27.8992 1 51.6
98116 114.8653 27.0633 1 9999
98144 115.4433 27.6478 1 43.8
98219 114.1239 26.8731 1 33.2
98223 115.4469 27.3047 1 67.4
99021 116.2664 25.9861 1 9999
99045 115.0539 25.2008 1 78.4
99056 114.6181 25.5297 1 90.2
99064 114.4033 24.6850 1 55.0
99066 114.5867 25.0222 1 109.6
99074 115.5264 24.7408 1 32.6
99136 116.0075 25.9569 1 91.0
99151 114.7983 24.7047 1 81.8
99164 114.4861 25.6700 1 45.8
99177 115.5522 26.3592 1 62.6
99237 116.0869 26.8828 1 43.8
99263 114.5094 25.9817 1 32.6
99268 115.3153 24.9975 1 74.4
99287 114.4211 25.6572 1 42.4
99648 114.4300 25.5583 1 70.2
58619 116.3667 28.0000 1 52.8
58625 117.6000 28.4167 1 43.6
59092 114.8167 24.9167 1 91.8
90104 116.1283 28.5361 1 16.8
90105 115.8547 28.5233 1 12.2
90212 116.0025 28.8908 1 5.2
90311 116.2611 28.2842 1 32.8
91013 116.1153 29.6261 1 18.4
91052 115.2500 29.2333 1 29.4
91075 114.4094 29.2844 1 5.0
91086 115.9408 29.3025 1 20.4
92007 116.7689 29.5775 1 33.6
92045 117.7722 28.2167 1 37.8
92058 117.7061 28.8347 1 32.0
92064 118.3083 28.3081 1 30.4
92109 117.9333 28.5667 1 36.2
92119 117.6328 28.5319 1 61.2
92229 117.8136 28.2603 1 36.4
92392 117.8744 28.4078 1 35.0
92394 117.73 29.4558 1 57.2
93015 117.2258 28.9833 1 9999
93018 117.2036 29.3058 1 47.0
93036 117.3839 29.4847 1 35.6
94018 116.9622 28.3153 1 9999
94031 116.9536 28.3208 1 37.0
94036 117.0014 28.2214 1 43.4
95003 114.2331 27.9267 1 33.8
95095 113.9497 27.8578 1 30.0
95100 114.4197 27.6892 1 26.4
95105 115.3083 28.5417 1 4.6
95130 114.9167 28.2347 1 17.4
95230 115.4300 28.2844 1 9999
95251 114.6169 28.6200 1 9999
96051 116.0033 27.3831 1 19.4
96057 116.6172 27.6142 1 3.4
96076 116.8050 27.2283 1 92.4
96084 116.4692 26.9356 1 57.4
96115 115.9822 27.8411 1 43.8
96320 116.5556 28.0567 1 45.0
96333 116.2700 27.6331 1 29.6
97015 114.8494 27.7831 1 38.8
97034 114.7467 27.9347 1 31.8
97044 115.0517 27.9686 1 33.8
97245 113.9192 26.9936 1 42.6
98026 114.7919 27.5139 1 20.2
98029 114.9489 26.6667 1 55.2
98096 115.1672 27.5758 1 51.2
98170 114.2297 27.1269 1 20.0
98173 114.1100 27.0656 1 20.4
99015 116.0128 26.2858 1 95.4
99026 115.2542 25.8792 1 87.4
99060 114.8969 24.9942 1 132.4
99067 115.3003 24.9392 1 64.6
99129 115.3886 26.5119 1 79.4
99140 114.7861 25.5375 1 71.2
99147 115.0269 25.0056 1 107.4
99153 114.3961 24.7414 1 60.2
99214 114.9203 25.6161 1 112.2
99238 115.8233 26.3522 1 75.6
99248 115.5958 25.6981 1 140.0
99260 114.6678 25.7261 1 22.2
99278 115.5842 24.8217 1 53.4
99284 114.3292 25.4628 1 78.0
99673 115.6942 24.5997 1 24.4
99683 114.2544 25.6692 1 43.6
99834 115.3358 26.5319 1 79.8
57792 114.6833 27.8167 1 43.8
57990 114.3000 25.7000 1 54.2
58509 115.8167 29.0500 1 11.4
58600 115.3667 28.8667 1 5.6
58612 116.6833 28.7000 1 9.8
58616 116.8167 28.2000 1 30.4
58814 116.3500 26.3500 1 91.8
90031 115.9000 28.6833 1 12.8
90048 115.6406 28.6997 1 6.0
90110 116.1375 28.5883 1 11.6
90200 116.0128 29.0689 1 4.0
90301 116.3781 28.6811 1 18.8
90321 116.1811 28.3658 1 17.2
90403 115.5336 28.9822 1 9.6
91037 115.3858 29.6225 1 19.4
91056 115.1000 29.4000 1 14.2
91108 115.7314 29.6425 1 21.8
91111 115.6922 29.8372 1 9999
91133 115.5625 29.2256 1 10.0
91135 115.8372 29.0547 1 11.8
92130 118.0483 29.0275 1 39.0
92151 117.6417 29.0372 1 25.4
92169 117.4594 28.4631 1 36.4
92201 116.9247 28.5861 1 4.2
92225 117.5258 28.0283 1 50.2
92247 116.8172 28.9567 1 15.0
92248 116.9006 29.2053 1 42.6
92273 117.8783 29.1836 1 43.0
92354 118.4339 28.4550 1 36.2
92364 116.9033 28.9917 1 19.8
92399 117.8569 28.7739 1 25.6
94007 117.3386 28.0417 1 55.4
94008 117.1842 27.9083 1 55.6
94013 117.0436 28.5147 1 9.6
94023 117.0139 28.3556 1 26.8
95015 115.9750 28.0486 1 32.6
95020 115.4800 28.8800 1 4.4
95033 114.9653 28.1228 1 37.2
95048 114.0333 27.9333 1 29.4
95068 114.6667 28.4833 1 4.4
96033 115.9150 27.7472 1 43.0
96127 117.0389 27.3344 1 61.4
96339 115.9106 27.8061 1 46.2
97018 114.6200 27.7600 1 36.8
97098 114.8356 27.6450 1 39.4
97251 114.1017 27.2825 1 9.2
97287 114.1689 27.6014 1 9999
98033 114.9875 27.1164 1 47.0
98051 114.1725 26.8756 1 20.0
98066 114.3994 27.1353 1 18.2
98068 114.7039 27.2761 1 29.8
98084 114.7025 26.7192 1 55.8
98159 114.9622 26.3328 1 37.2
98198 114.0992 26.5167 1 55.8
98550 115.2636 27.3133 1 42.0
98656 113.8836 26.8417 1 37.4
99009 114.8397 25.8539 1 21.8
99033 115.4678 26.6403 1 9999
99091 116.0058 25.8783 1 161.0
99093 114.9569 25.9456 1 60.2
99109 114.0853 25.3917 1 70.8
99110 114.2947 25.3969 1 69.6
99123 116.2825 26.2164 1 86.2
99168 114.4311 25.8717 1 49.4
99179 115.4292 26.2158 1 43.4
99190 115.3253 25.7661 1 124.6
99193 115.6633 25.9967 1 80.8
99240 114.8981 26.1319 1 51.6
99257 114.7994 25.8131 1 58.2
99259 114.7253 25.7594 1 53.4
99275 115.5114 25.3958 1 116.4
99660 114.4586 24.7692 1 58.0
99674 115.8547 25.0878 1 63.4
99808 114.5489 25.9078 1 56.6
57786 113.8500 27.6333 1 41.6
57896 114.5000 26.3333 1 43.8
58519 116.6833 29.0000 1 18.4
58634 118.2500 28.6833 1 42.8
58701 115.4000 27.7667 1 52.6
90006 115.8628 28.4200 1 21.6
90041 115.9869 28.6956 1 14.0
90108 116.0572 28.2894 1 26.8
90209 115.7586 28.6000 1 6.6
90219 115.6372 28.5903 1 5.8
90310 116.1217 28.2933 1 21.6
91024 115.2300 29.4594 1 9999
91058 114.9833 29.5167 1 27.0
91064 114.3500 28.8667 1 13.2
91071 114.3775 29.1642 1 7.0
91095 116.2903 29.2167 1 23.6
91104 115.6236 29.7683 1 19.8
91118 114.6667 29.2333 1 8.8
91148 115.9350 29.4283 1 19.6
91157 115.7133 29.2233 1 13.0
91184 116.6222 29.6333 1 21.4
91299 115.1514 29.2044 1 9999
92046 117.7361 28.0083 1 33.4
92063 118.1467 28.5911 1 38.0
92079 117.9500 28.8833 1 31.8
92107 117.8058 28.7136 1 35.0
92132 118.2800 28.4633 1 42.8
92150 117.6178 28.9228 1 13.2
92163 117.5136 28.3942 1 58.0
92221 117.5900 28.2672 1 51.4
92224 117.7083 28.3008 1 15.2
92262 116.8014 29.3522 1 0.6
92274 117.5519 29.0789 1 25.6
93008 117.4258 28.9175 1 9.0
93025 117.1786 29.8514 1 18.4
93037 117.0536 29.2183 1 36.8
93041 117.3169 29.1514 1 32.2
93043 117.1036 29.0183 1 19.0
93050 117.2389 28.9792 1 1.4
94030 117.1683 28.2717 1 42.2
95066 114.5500 28.4333 1 4.8
95072 114.5500 28.7167 1 4.4
95142 115.0053 28.6767 1 3.2
95146 114.9167 28.4167 1 7.8
95249 114.3311 28.6111 1 2.8
96012 116.7917 28.1128 1 9999
96043 116.3458 27.4017 1 47.2
96081 116.1947 26.7475 1 59.0
96082 116.4681 26.7539 1 3.0
96087 116.3719 26.9428 1 78.8
96120 116.3117 27.9494 1 0.8
96329 116.1325 27.2094 1 43.4
96451 116.9458 27.9889 1 51.2
97041 114.7800 28.0272 1 28.0
97212 113.9572 27.9214 1 29.4
97226 113.7078 27.5494 1 34.2
97246 114.0186 27.1906 1 20.6
98016 115.4306 27.9236 1 2.8
98072 115.6578 27.0753 1 45.8
98122 114.5678 26.9650 1 18.8
98131 114.9186 26.9739 1 42.6
98138 114.3303 26.1969 1 48.2
98157 115.0131 26.2664 1 34.4
98200 115.3211 26.8089 1 79.4
99031 115.3617 26.1681 1 51.0
99070 115.5181 25.1622 1 38.7
99104 114.7936 25.0136 1 95.0
99117 115.0411 25.8142 1 108.4
99171 115.7133 25.6272 1 83.8
99201 115.7256 26.2622 1 44.6
99222 114.6019 24.8722 1 145.0
99227 115.8314 26.7856 1 44.8
99228 115.9347 26.6975 1 55.0
99645 114.9364 25.0858 1 64.6
99821 115.1778 24.8547 1 60.0
57783 113.8000 27.8800 1 32.0
57793 114.3833 27.8000 1 39.6
57798 114.6000 27.4000 1 11.8
58601 115.3833 28.7000 1 1.6
58615 117.0833 28.6833 1 6.0
58637 117.9833 28.4500 1 48.0
90201 116.0497 28.9619 1 6.0
90214 115.9081 29.0050 1 6.2
90216 115.7219 28.4803 1 10.2
90218 115.8614 28.9297 1 5.0
91011 116.1006 29.7544 1 19.4
91022 115.8322 29.3011 1 23.8
91028 115.4600 29.3592 1 9999
91055 115.1000 29.3000 1 16.0
91069 114.0719 29.1294 1 3.6
91097 115.5864 29.8331 1 27.8
91126 115.9811 29.5511 1 20.8
91137 115.6500 29.7339 1 9999
91149 116.0044 29.5308 1 18.4
91273 115.5081 29.3050 1 9999
91279 116.0097 29.3711 1 20.8
92023 118.1461 28.3972 1 45.4
92039 117.7064 29.0431 1 17.4
92111 117.7500 28.5167 1 38.0
92113 117.8833 28.5333 1 39.0
92131 118.1764 28.3592 1 9999
92133 117.5631 28.5078 1 1.8
92175 116.7000 28.8000 1 15.8
92180 116.5000 28.6500 1 0.8
92238 116.6311 29.3233 1 38.8
92245 116.6764 29.0850 1 18.8
92260 116.5394 29.5800 1 24.0
92265 117.5653 28.5592 1 47.0
93006 117.3036 28.8989 1 7.4
93035 117.2297 28.9050 1 16.6
94014 116.9289 28.4856 1 25.4
95022 115.3689 28.8706 1 9999
95065 114.7022 28.2347 1 9.0
95087 115.2708 28.1969 1 17.6
95132 115.1628 29.0111 1 6.0
95138 114.3700 28.5300 1 2.6
95255 114.2794 28.0156 1 41.8
96009 116.7000 28.3056 1 22.2
96027 116.9675 27.5875 1 15.8
96062 116.6908 27.6500 1 29.0
96090 116.3933 26.6214 1 124.0
96114 116.2411 27.6569 1 29.2
96122 116.5469 27.9211 1 40.2
96330 116.2119 27.1072 1 54.0
97203 114.1306 27.5681 1 40.2
97209 113.8106 27.4158 1 9999
97236 113.9733 27.5794 1 23.2
98004 114.6028 26.5372 1 197.0
98036 115.5781 27.7906 1 55.8
98039 115.5208 27.1792 1 43.8
98089 115.6475 27.6783 1 45.2
98110 114.7353 26.9414 1 41.0
98112 114.6611 27.0586 1 28.6
98117 115.0553 27.1419 1 64.0
98133 114.2644 26.1222 1 53.6
98152 115.5892 26.7847 1 63.0
98608 114.4522 27.5511 1 9999
99002 114.9553 25.8078 1 86.2
99125 116.0911 27.0431 1 9999
99137 115.2567 26.2058 1 24.0
99185 115.1603 26.4792 1 47.4
99202 115.7206 25.9392 1 75.4
99231 115.9692 26.6294 1 71.2
99261 114.7375 25.7031 1 40.8
99267 114.2539 25.9144 1 43.6
99273 115.3011 25.4928 1 53.8
99280 115.6375 25.1236 1 64.6
99286 114.5539 25.7200 1 53.2
99290 113.9889 25.4853 1 116.4
99657 114.6983 24.8481 1 108.0
99810 114.8828 24.9033 1 62.4
99813 115.6783 25.6178 1 9999
99835 115.3425 24.9331 1 82.4
57994 114.3500 25.4000 1 84.6
58624 117.4333 28.4000 1 42.2
58626 117.2167 28.3000 1 35.4
58693 115.8333 28.7000 1 6.2
58705 115.4167 27.3333 1 43.4
59093 115.0333 24.7833 1 50.4
90027 115.8731 28.7431 1 15.2
90028 115.7253 28.7181 1 3.4
90030 115.6706 28.7483 1 11.0
90043 115.8061 28.6642 1 5.0
90202 115.8144 28.8522 1 3.2
91002 116.2253 29.6153 1 17.8
91019 116.0294 29.7408 1 22.6
91042 114.4600 28.9900 1 7.0
91062 114.4667 28.8167 1 9.6
91077 114.7072 29.1706 1 7.6
91102 115.3936 29.4669 1 21.4
91140 116.4639 29.4019 1 30.4
91167 116.4447 29.6872 1 19.8
91170 115.8900 29.7197 1 17.0
92030 117.5200 28.5531 1 32.2
92090 117.6358 27.8947 1 37.0
92105 116.7000 28.5667 1 20.8
92144 118.1333 28.7000 1 31.8
92153 118.0531 28.9200 1 8.6
92212 117.6886 29.1031 1 16.6
92213 117.8683 29.4400 1 76.4
92227 117.7722 28.2139 1 36.4
92235 117.5692 28.6369 1 40.2
92242 116.5433 28.9972 1 10.4
92246 117.4300 28.5567 1 33.8
92263 117.8097 28.7792 1 38.0
94005 117.0697 28.4639 1 29.2
94024 117.2978 28.3675 1 28.0
94028 117.1389 27.9531 1 54.6
94039 117.3519 27.9125 1 27.2
95001 114.3917 27.6192 1 2.6
95021 115.2406 28.9272 1 9999
95028 115.1611 28.3625 1 7.2
95040 114.5167 28.2158 1 9.2
95059 114.6014 28.2047 1 11.6
95079 115.8181 27.7403 1 43.2
95088 115.4133 28.3528 1 12.8
95103 115.3694 28.3167 1 18.2
95118 115.9458 28.2639 1 25.8
95125 114.0778 28.1061 1 10.4
95127 114.3294 28.1033 1 15.2
95149 114.9000 28.5667 1 4.6
96002 116.1517 28.1664 1 34.0
96049 115.7000 27.5500 1 23.8
96113 116.1369 27.6467 1 9999
96134 116.3347 27.9797 1 48.0
96303 116.4564 27.8264 1 59.6
96317 116.8878 27.9086 1 45.4
96346 115.7536 27.5942 1 24.0
96354 117.0986 27.4392 1 50.0
97031 114.7075 28.0239 1 7.2
97218 113.7953 27.6492 1 40.0
97224 113.7761 27.5625 1 9999
97254 113.9383 27.1428 1 5.8
98043 114.2711 27.3772 1 13.6
98093 114.0364 26.6208 1 8.0
98500 115.3506 27.4592 1 0.2
98762 115.0572 26.4736 1 51.4
99004 114.9017 25.8931 1 73.4
99053 114.1431 25.5917 1 36.8
99083 116.3903 26.4967 1 102.0
99095 114.6483 25.6397 1 62.2
99131 115.5806 26.0467 1 59.6
99145 115.4828 24.8044 1 46.2
99150 114.9453 24.8336 1 82.6
99195 115.5489 26.2097 1 35.0
99216 114.9758 26.0675 1 50.2
99236 115.9361 26.2400 1 40.8
99249 115.6144 25.2256 1 78.8
99274 115.4367 25.5447 1 95.2
99682 114.0883 25.8681 1 46.4
99725 115.2131 25.7275 1 177.6
57789 113.9500 27.1333 1 7.8
58606 115.9167 28.6000 1 11.8
58706 115.8333 27.4333 1 28.0
90033 115.7167 28.8122 1 6.8
90042 116.2881 28.7350 1 12.4
90205 115.7694 28.4317 1 14.8
91031 115.5808 28.9825 1 11.2
91078 115.4858 29.0558 1 7.4
91105 115.5925 29.6369 1 31.6
91114 116.0078 29.5575 1 9999
91122 114.4394 29.1078 1 7.2
91131 115.4650 29.4325 1 22.4
91286 116.3750 29.5969 1 18.6
92009 116.8056 28.4456 1 18.0
92015 117.1422 28.6414 1 14.6
92093 117.9078 28.1497 1 33.4
92124 117.8333 28.9167 1 37.8
92161 118.1269 28.6136 1 33.4
92173 116.5500 28.7333 1 11.4
92182 118.1911 28.4600 1 48.0
92190 117.9500 28.2333 1 33.8
92191 117.9000 28.4667 1 48.2
92195 118.1297 28.4208 1 48.8
92257 116.7014 29.1569 1 17.8
93001 117.0797 29.5244 1 27.2
94010 117.2014 28.2111 1 30.2
94038 117.0419 28.0000 1 78.2
95007 114.3894 27.9208 1 27.6
95047 114.4931 28.0117 1 28.0
95094 114.1672 27.9883 1 23.8
95097 114.2883 27.9042 1 24.2
95107 115.1625 28.1917 1 24.0
95121 115.8319 28.1292 1 41.0
95151 114.4453 27.7967 1 38.2
95234 115.6106 27.8447 1 52.0
95245 114.7261 28.6125 1 3.4
96014 116.6358 28.0686 1 32.8
96022 116.5869 27.9958 1 43.6
96061 116.7861 27.6081 1 32.2
96128 116.7836 28.3228 1 23.0
96342 115.9094 27.6586 1 28.2
97002 114.8319 27.9267 1 28.0
97042 115.0600 27.7300 1 9999
97205 114.0561 27.2572 1 14.2
97208 113.6206 27.6317 1 9999
98056 114.2806 26.2172 1 49.4
98067 114.5872 27.5200 1 25.6
98071 115.6658 26.7056 1 50.4
98076 114.1133 26.2822 1 39.8
98086 114.3833 26.7833 1 31.0
98101 114.3008 26.8233 1 0.4
98105 115.4300 26.9578 1 63.6
98114 114.8792 26.9775 1 36.6
98120 114.2678 26.2922 1 4.0
98154 114.9056 26.4494 1 22.8
98160 114.8489 26.6361 1 58.0
98161 114.7031 26.1778 1 9999
98186 114.4108 27.2369 1 30.6
99018 115.8486 26.1717 1 52.4
99039 114.6944 25.8431 1 60.0
99061 114.6939 24.8111 1 109.4
99079 114.8503 25.9567 1 59.2
99080 114.5008 25.5567 1 70.0
99087 115.7736 26.4933 1 87.2
99094 115.1725 25.7992 1 92.8
99108 114.7878 25.3178 1 130.2
99121 114.8342 25.7436 1 48.4
99134 116.0417 26.1028 1 62.8
99146 115.1314 24.9997 1 76.8
99176 115.6233 26.3508 1 51.4
99181 115.2033 26.3083 1 29.0
99188 115.4550 26.4175 1 96.8
99203 115.8678 26.0853 1 56.2
99213 115.2569 26.0911 1 59.6
99221 114.7308 24.8817 1 77.6
99243 115.1175 26.0986 1 9999
99265 114.4594 25.7469 1 38.8
99295 115.0336 25.4544 1 83.8
99299 114.8072 25.4664 1 104.6
99653 115.4425 24.9750 1 74.8
99723 116.0461 25.5736 1 4.8
99840 114.7667 25.5833 1 9999
58517 116.2000 29.2667 1 25.4
58527 117.2000 29.3000 1 44.4
58714 116.2333 27.5500 1 21.8
58715 116.6500 27.5833 1 31.4
58719 116.9333 27.3000 1 71.2
90005 116.4167 28.6056 1 12.4
90102 116.1642 28.6281 1 10.2
90107 115.8847 28.3183 1 19.0
90415 115.4719 28.9886 1 3.0
91009 115.9792 29.6406 1 2.6
91038 115.5778 29.5728 1 22.2
91045 116.3358 29.6628 1 11.6
91076 114.3356 29.2547 1 5.6
91109 115.7914 29.7647 1 24.8
91138 115.4797 29.7739 1 27.6
91145 115.9664 29.3733 1 20.6
91163 116.2669 29.5436 1 1.2
91293 115.7150 29.3919 1 14.6
92028 117.9719 29.5064 1 45.6
92031 117.3431 28.7047 1 8.2
92033 117.4219 28.2689 1 59.6
92042 117.4436 28.8042 1 11.8
92043 117.6406 28.8358 1 26.4
92129 117.8500 29.0500 1 24.0
92160 118.2600 28.7800 1 46.8
92200 116.9267 28.8217 1 13.4
92217 117.4639 29.1875 1 36.2
92223 117.6789 27.8750 1 85.4
92228 117.5100 28.2136 1 32.6
92237 116.9000 28.9833 1 16.2
92261 116.6400 29.3764 1 31.0
92270 117.9142 29.2728 1 44.0
92406 118.0656 28.8767 1 1.6
92407 118.0389 28.8442 1 18.0
93010 117.2975 28.8444 1 7.8
93020 117.0708 29.2556 1 11.0
93060 117.2869 28.8656 1 10.6
94042 116.8289 28.1169 1 26.8
95010 115.4278 28.0989 1 38.0
95029 115.1064 28.1100 1 42.0
95044 114.0400 28.0131 1 11.2
95052 115.4383 28.8186 1 3.2
95058 115.0525 28.2258 1 17.0
95060 114.8392 28.2072 1 19.4
95074 115.8125 28.3306 1 9999
95091 115.2431 28.5836 1 9999
95131 115.1031 28.9683 1 7.4
95136 114.2975 28.7350 1 6.0
96016 116.2589 28.0275 1 33.8
96029 116.5056 27.6258 1 0.6
96075 116.7961 27.2983 1 47.2
96092 116.2994 26.7517 1 59.8
96307 116.2942 28.0058 1 42.8
96312 116.4211 28.0119 1 34.4
96318 116.8278 28.0061 1 41.4
96327 116.9097 27.1894 1 61.8
97037 114.7533 27.8633 1 46.0
97207 113.9367 27.2750 1 5.2
97230 113.8539 27.9478 1 33.2
97238 113.9119 27.6550 1 30.6
98023 115.2194 27.3931 1 20.4
98032 114.3031 26.6133 1 40.6
98052 114.4764 26.5453 1 41.6
98058 114.8567 26.2358 1 47.0
98064 114.5939 27.2747 1 39.2
98069 115.6228 27.4061 1 29.2
98098 114.1461 27.0911 1 14.4
98102 114.0800 26.9358 1 17.0
98193 115.0669 26.6422 1 56.4
98211 114.5136 26.3489 1 42.6
98224 114.2161 26.5450 1 42.6
98814 115.3667 26.6739 1 74.0
99007 114.8650 25.7578 1 62.2
99043 114.8344 25.2706 1 114.6
99059 114.3872 25.5122 1 82.4
99115 115.9172 25.3061 1 107.2
99138 114.8258 26.1050 1 62.0
99198 115.4983 25.6703 1 115.4
99207 116.0317 25.8456 1 114.2
99209 115.8931 25.8425 1 162.0
99245 115.6089 25.4908 1 116.8
99250 115.7353 25.3275 1 145.6
99256 114.6942 25.9781 1 47.8
99269 115.2142 24.9106 1 58.2
99801 114.9467 25.7781 1 83.4
99806 114.5883 24.7856 1 85.6
99820 115.0108 25.5994 1 112.8
58707 115.1333 27.2167 1 54.4
58813 116.3333 26.8500 1 67.2
90007 116.0258 28.7622 1 18.2
90203 115.6544 28.6547 1 3.2
90312 116.0692 28.4358 1 21.6
91017 115.8739 29.6564 1 24.4
91044 116.3328 29.5842 1 16.6
91085 115.7294 29.4628 1 8.0
91089 116.4000 29.2667 1 35.4
91093 116.2500 29.3333 1 21.8
91123 114.4539 29.1922 1 6.4
91124 115.9511 29.5561 1 25.0
91128 116.3356 29.7781 1 17.6
91156 115.6853 29.1697 1 12.2
91175 114.0700 28.8536 1 14.0
91181 114.3494 28.9742 1 10.0
92001 116.6500 28.7500 1 12.6
92019 118.4006 28.3464 1 23.4
92040 117.8411 29.0994 1 17.0
92052 117.9500 28.3500 1 39.4
92069 116.9403 28.8736 1 14.6
92086 117.6869 28.1414 1 43.0
92099 116.5667 28.6333 1 11.0
92141 118.3833 28.6492 1 37.6
92187 117.9000 28.6500 1 48.0
92211 117.9000 29.3469 1 46.6
92215 117.6800 29.4511 1 49.8
92254 116.7556 28.9983 1 19.4
92255 117.3500 28.4144 1 32.8
92259 116.8672 29.0247 1 16.0
92383 117.6025 28.7119 1 32.8
93048 117.1383 29.4350 1 37.2
94020 117.0378 28.1047 1 40.6
94032 116.8833 28.2958 1 32.8
95009 115.6008 27.9194 1 38.2
95026 115.5294 28.2083 1 9999
95032 114.6036 28.1369 1 19.2
95050 115.4939 28.7325 1 3.0
95247 114.5561 28.4528 1 3.6
96001 116.2839 27.7125 1 33.8
96006 116.2719 27.8461 1 0.4
96013 116.7142 28.1778 1 31.0
96018 116.6447 27.8736 1 49.6
96021 116.9033 28.0581 1 39.2
96055 115.7283 27.3994 1 22.2
96064 116.5894 27.4269 1 30.2
96086 116.4819 26.6186 1 38.8
96126 116.7619 27.0764 1 60.6
96129 116.5283 28.1294 1 43.0
96130 116.3683 27.6236 1 30.8
96332 116.4092 27.4856 1 43.6
96348 116.1494 27.3711 1 33.2
96452 116.9358 27.9019 1 75.0
97001 114.8653 27.8856 1 9999
97040 115.2231 27.8353 1 43.8
97202 114.0678 27.5225 1 23.0
97234 113.8944 27.4528 1 32.8
97240 113.8286 27.6631 1 44.0
97286 114.0261 27.6258 1 35.0
98046 115.1892 26.7592 1 54.4
98073 115.5583 27.2761 1 48.2
98134 114.2056 26.2528 1 56.6
98141 115.4922 27.7419 1 60.2
98151 115.7433 26.9961 1 46.2
98168 113.9747 26.9850 1 0.4
98180 115.4511 27.0972 1 40.0
98187 114.6942 27.3722 1 15.6
98188 114.2336 26.4125 1 24.0
98206 113.9950 26.7033 1 9999
98207 113.9972 26.7575 1 53.6
98383 115.7975 27.1019 1 72.8
99010 114.9747 25.7903 1 76.6
99029 115.6106 26.2183 1 40.2
99030 115.6947 26.4478 1 105.0
99035 114.9914 25.6189 1 103.8
99077 116.1836 26.1447 1 96.4
99078 116.3353 26.1539 1 103.8
99081 114.4186 25.4978 1 82.0
99113 114.3250 25.9683 1 41.2
99128 115.2672 26.4631 1 65.2
99130 115.7194 26.5578 1 77.8
99132 115.6194 25.9292 1 74.8
99161 114.1050 25.3236 1 74.2
99233 115.9692 26.3294 1 83.0
99266 114.4139 25.8186 1 60.6
99279 115.5872 25.0431 1 62.2
99712 115.8347 25.5239 1 170.4
99824 115.8336 26.1750 1 116.4
58506 115.9833 29.5833 1 22.8
58507 115.1167 29.2500 1 19.2
58627 117.0333 28.2500 1 32.8
90034 115.9064 28.7028 1 11.6
90106 116.0028 28.4172 1 21.2
90111 116.0378 28.4972 1 20.4
90319 116.4778 28.4392 1 25.6
91103 115.4489 29.5436 1 24.2
91107 115.7736 29.6167 1 24.4
91121 114.4275 29.0931 1 8.4
92016 116.8992 28.6308 1 16.0
92074 116.8136 28.7894 1 6.4
92092 117.7697 28.0728 1 49.6
92104 116.7667 28.3833 1 29.6
92118 117.6611 28.5806 1 28.4
92123 117.5667 28.7667 1 15.8
92127 118.0167 29.2167 1 0.4
92149 117.4922 28.7719 1 8.6
92152 117.7389 28.8583 1 46.4
92155 118.0853 28.7983 1 26.2
92170 117.3714 28.4506 1 36.0
92253 116.9308 29.5917 1 29.8
92256 116.5700 29.1197 1 18.0
92353 118.2006 28.2497 1 9999
92366 117.1375 28.7789 1 9.2
92367 117.2014 28.6072 1 21.2
92402 117.2692 28.6817 1 12.8
94011 117.2119 28.0400 1 9999
95002 114.1139 27.8986 1 64.8
95013 115.2089 27.9039 1 39.6
95018 115.5972 28.1528 1 34.0
95023 115.2611 28.8006 1 1.6
95041 114.3056 28.1869 1 7.2
95049 115.3681 28.6947 1 1.4
95055 114.2444 28.0667 1 15.6
95086 115.3975 28.0044 1 43.8
95111 115.7167 27.9236 1 41.0
95115 115.7861 28.2458 1 26.4
95119 115.9028 28.2014 1 36.0
95124 114.1436 28.1933 1 9.2
95153 115.7431 28.2722 1 9999
96034 116.0278 27.5578 1 32.4
96091 116.4075 26.8289 1 81.2
96102 116.6547 27.1619 1 48.2
96110 117.0594 27.7831 1 38.2
96111 116.9147 27.7761 1 33.4
96349 115.8758 27.1686 1 39.0
97006 115.2889 27.8625 1 44.4
97008 115.0053 28.0639 1 15.2
97023 114.9147 27.8208 1 34.2
97030 114.6406 27.8578 1 43.0
97036 114.6200 27.9494 1 31.4
97038 114.6831 27.6831 1 25.2
97214 113.9042 27.7064 1 49.6
97222 113.6986 27.7150 1 26.0
97237 113.8286 27.6300 1 26.0
97250 113.9400 27.1128 1 13.2
98001 115.6644 26.7467 1 9999
98017 115.3556 27.7019 1 9999
98021 115.8267 26.9586 1 66.2
98024 114.3997 27.3667 1 11.6
98047 114.8756 26.4639 1 51.8
98053 114.0064 26.2231 1 45.8
98085 115.1728 26.5819 1 84.4
98092 114.1217 26.6050 1 9999
98097 115.2628 27.6583 1 41.8
98100 114.1372 26.8042 1 59.4
98115 115.1781 26.9989 1 47.4
98123 114.6861 27.0033 1 21.0
98127 114.7303 27.2097 1 23.8
98179 115.2644 27.2181 1 46.0
98210 113.9889 26.6578 1 69.0
98215 114.1353 27.0169 1 9999
98216 114.3397 27.0675 1 26.2
98432 114.8592 26.5414 1 4.6
98451 115.4861 27.5986 1 42.2
99034 115.1450 26.1664 1 31.4
99036 115.2133 25.5536 1 103.2
99075 116.4853 26.4683 1 99.8
99082 114.8233 25.8850 1 62.4
99092 116.0706 25.9061 1 135.2
99114 114.2753 25.9256 1 40.6
99133 115.2889 25.9356 1 3.6
99166 114.1133 25.7239 1 72.4
99255 114.6669 26.1239 1 56.0
99717 116.22 26.4578 1 74.0
57883 114.2833 26.7500 1 30.4
58529 117.8500 29.2667 1 49.8
58618 116.6000 28.2333 1 27.4
59102 115.6500 24.9500 1 50.6
90109 116.2578 28.6861 1 10.6
90300 116.4225 28.3989 1 21.8
90307 116.3858 28.3119 1 30.0
90407 115.5411 28.8103 1 2.8
91291 116.5489 29.6622 1 11.4
91311 114.64 28.7958 1 5.4
92061 118.3006 28.2064 1 59.4
92066 116.8686 29.3564 1 46.2
92067 116.8092 29.1744 1 29.2
92106 118.0689 28.1422 1 52.2
92126 118.0333 29.0500 1 8.6
92145 117.6939 28.4667 1 24.6
92146 118.0931 28.9253 1 33.2
92147 118.0225 28.9597 1 36.4
92196 118.3358 28.3828 1 47.4
92208 117.5403 29.3247 1 49.4
92243 116.6133 29.1600 1 9999
92382 117.6917 28.4667 1 54.6
93038 117.3711 29.3469 1 36.0
94001 117.1467 28.4903 1 39.2
94029 117.4242 27.9947 1 66.4
94046 117.1453 27.9581 1 53.6
95069 114.9667 28.5333 1 3.2
95081 115.5889 27.9700 1 0.2
95133 115.3333 28.9217 1 10.0
95159 114.2839 27.5906 1 37.4
96041 116.1728 27.4569 1 25.8
96085 116.3667 26.7008 1 66.8
96123 116.5706 27.1289 1 64.8
96139 116.0686 27.7050 1 39.8
96335 116.0461 27.8500 1 41.8
96454 116.9406 27.6475 1 0.6
97011 115.0561 28.0442 1 32.4
97026 115.1400 27.7800 1 0.6
97239 113.8922 27.6986 1 6.6
97249 114.0578 27.2922 1 6.4
97253 113.9306 27.1825 1 9.8
97259 113.7928 27.8206 1 70.4
98006 114.8192 26.3022 1 40.4
98008 113.9711 26.7228 1 39.0
98027 114.6039 26.8967 1 36.0
98028 114.6858 26.8606 1 42.2
98061 114.7172 26.5856 1 57.6
98083 115.0264 26.8939 1 29.4
98149 115.4308 26.8664 1 49.8
98156 114.8586 26.5200 1 17.8
98163 114.9886 26.6297 1 69.8
98165 114.7650 26.7947 1 49.8
98218 114.0750 27.0242 1 30.0
98220 114.4083 26.8708 1 21.4
98606 114.1042 27.3778 1 11.4
98657 114.3342 26.8335 1 27.6
98701 114.7758 27.5644 1 29.6
99017 116.0131 26.9211 1 51.4
99024 115.5467 25.5417 1 107.8
99054 114.1350 25.8161 1 66.6
99062 114.8947 24.7822 1 61.2
99069 115.3703 25.2675 1 56.8
99088 115.5608 26.4347 1 113.0
99099 114.9900 24.6872 1 71.0
99106 115.5197 25.4833 1 112.6
99127 116.0567 26.7406 1 56.2
99141 114.8017 25.8169 1 66.6
99143 115.7736 24.6053 1 17.8
99170 115.7939 25.4156 1 114.6
99172 115.6139 25.7508 1 121.8
99187 115.4892 26.5092 1 65.6
99194 115.3522 25.8717 1 106.4
99215 114.9603 26.1653 1 54.2
99225 115.9822 26.4144 1 64.4
99230 115.8131 26.6144 1 70.6
99239 115.0258 26.1239 1 42.6
99276 115.3886 25.1308 1 91.0
99713 115.9508 25.3419 1 103.4
99802 114.9367 25.0856 1 86.6
99812 115.8000 25.2517 1 84.4
99832 115.5236 26.3158 1 28.0
57698 114.4500 28.1167 1 23.6
57995 114.9333 25.4000 1 94.2
58629 117.7000 28.3167 1 42.0
90100 116.2236 28.8703 1 11.6
90208 115.6139 28.5606 1 6.0
90318 116.1847 28.3342 1 15.6
90410 115.6758 28.9100 1 6.2
91005 116.4222 29.2164 1 27.6
91027 115.6531 29.3950 1 16.4
91061 114.9167 29.1667 1 7.4
91067 114.0369 29.0297 1 1.0
91094 116.2667 29.3833 1 20.8
91115 115.9847 29.5644 1 9999
91120 114.8581 28.9642 1 11.4
91127 116.3856 29.7444 1 20.2
91147 115.8672 29.2925 1 15.8
91162 116.4000 29.2958 1 32.8
91169 116.5931 29.8583 1 21.2
91172 114.5428 29.2308 1 9999
91182 114.3269 28.7381 1 7.6
91183 116.7381 29.9167 1 9.4
92020 118.3617 28.3678 1 25.8
92049 117.8389 28.1139 1 37.8
92051 117.4800 28.4200 1 32.8
92062 118.0811 28.3686 1 45.8
92081 118.2672 28.8178 1 28.2
92137 118.1100 28.5339 1 50.4
92139 117.9544 28.4256 1 41.4
92167 117.5108 28.2181 1 33.0
92199 116.9886 28.7911 1 16.2
92204 117.8158 29.5492 1 65.4
92206 118.0794 29.4558 1 82.2
92275 117.7331 29.1942 1 39.8
93011 117.4639 29.0389 1 12.6
93024 117.1461 29.3831 1 39.4
93030 117.3231 29.2292 1 9999
94026 117.0228 28.1747 1 9999
95035 114.7736 28.5244 1 3.6
95036 114.8361 28.4358 1 6.8
95037 114.6317 28.6678 1 1.0
95038 114.2558 28.4367 1 9999
95062 114.8453 28.0900 1 34.4
95109 115.8250 27.9889 1 31.6
95139 114.8719 28.6750 1 2.6
95154 115.4528 27.9389 1 45.4
95231 115.1575 28.6181 1 2.8
96015 116.4681 28.1353 1 25.0
96077 117.0483 27.2483 1 77.2
96305 116.2533 27.9639 1 1.4
96319 116.7303 28.0419 1 35.0
96322 116.6464 27.5297 1 29.6
96334 115.9778 27.6847 1 44.8
96341 116.1653 27.7450 1 38.8
97009 114.9400 28.0275 1 37.0
97021 114.9981 27.6825 1 9999
97057 114.6489 27.8606 1 40.2
97204 114.1275 27.6950 1 32.0
97220 113.8661 27.5792 1 40.2
97242 114.1508 27.4703 1 30.6
97252 113.9519 27.3553 1 6.8
97296 113.9375 27.1417 1 11.2
98011 115.1139 26.9750 1 47.4
98040 115.5911 26.9108 1 9999
98125 114.8089 27.0142 1 37.2
98145 115.2942 27.5078 1 25.4
98158 114.7400 26.5903 1 33.2
98175 114.9606 27.3606 1 16.4
98178 115.1458 27.3092 1 28.0
98202 115.1300 26.9086 1 72.6
98217 114.2819 27.0147 1 21.0
99022 115.9308 25.4200 1 68.4
99028 115.5139 25.7403 1 168.2
99040 114.3497 26.1253 1 78.0
99047 115.0306 24.9019 1 71.4
99050 114.0969 25.9597 1 38.0
99084 116.2581 26.1075 1 73.6
99142 114.6981 25.9125 1 57.0
99174 114.3653 24.6017 1 81.8
99189 115.5831 26.0156 1 79.6
99232 116.0617 26.6214 1 95.4
99235 116.1111 26.3439 1 63.8
99242 115.0450 25.9053 1 73.0
99262 114.6858 25.6508 1 58.4
99271 115.3344 25.1922 1 101.2
99300 116.3764 26.2972 1 85.6
99301 116.0386 26.5053 1 80.0
99650 114.5975 25.7947 1 42.0
99809 114.2844 25.9403 1 29.0
99831 116.2650 26.1969 1 93.8
57694 114.3833 28.5333 1 3.2
57794 114.0000 27.6300 1 33.6
57992 114.7500 25.6667 1 62.2
58614 116.2667 28.3833 1 18.2
90022 115.9150 28.6231 1 7.0
90101 116.0892 28.8636 1 11.6
90207 115.6308 28.4478 1 9.2
90304 116.1492 28.4153 1 13.4
90316 116.0742 28.3761 1 16.8
90402 115.5350 28.8392 1 4.4
90406 115.6386 28.8678 1 7.0
91003 116.0703 29.4622 1 22.6
91035 116.5106 29.3203 1 42.4
91043 114.5444 28.9422 1 6.2
91047 116.6333 29.9167 1 14.4
91074 114.3306 29.0497 1 10.2
91125 116.0411 29.6294 1 30.8
91143 116.7422 29.8256 1 15.2
91152 115.8200 29.2306 1 14.0
91180 114.0900 29.0794 1 6.0
91277 115.6572 29.3150 1 18.0
92018 117.0150 28.7317 1 9999
92053 117.8211 28.4433 1 39.0
92056 117.5392 29.0047 1 7.2
92095 116.6500 28.4333 1 28.0
92100 116.4167 28.8667 1 12.4
92102 116.6167 28.5167 1 18.6
92186 117.8833 28.3500 1 40.2
92209 117.7764 29.4250 1 60.0
92233 117.4450 28.2106 1 41.6
92258 116.7019 28.9739 1 15.2
92269 118.0333 29.3222 1 70.0
92271 117.6225 29.3539 1 9999
92393 117.7750 28.3886 1 40.2
92400 118.065 28.0194 1 45.6
93003 117.2039 29.3517 1 50.4
93017 117.3100 29.6208 1 32.2
93028 117.4675 29.5831 1 37.0
93042 117.0167 28.9500 1 29.6
93047 117.1672 29.2661 1 35.2
94012 116.9103 28.4031 1 32.2
95019 115.5611 28.3639 1 13.2
95083 115.1556 27.9208 1 9999
95104 115.2611 28.2361 1 9999
95114 115.5917 28.3153 1 13.4
95143 115.0722 28.6839 1 2.2
95152 114.4583 28.1081 1 19.4
95155 115.4658 28.0417 1 30.0
96053 116.8331 27.1167 1 97.0
96063 116.7108 27.4936 1 38.8
96065 116.2708 27.0264 1 55.6
96071 116.4300 27.2492 1 10.4
96314 116.5444 28.2286 1 9999
96336 116.2478 27.8125 1 65.4
97004 114.9458 27.7764 1 24.4
97019 114.6694 27.6472 1 28.2
97215 113.7736 27.7394 1 39.6
98041 115.0469 27.3169 1 25.4
98099 113.9728 26.9506 1 39.6
98107 115.3064 27.1703 1 10.4
98118 114.1428 26.5983 1 53.0
98140 115.3925 27.8353 1 49.0
98166 114.9447 26.7683 1 42.0
98326 114.3269 26.5219 1 40.0
98450 115.6364 27.7975 1 33.4
98815 114.8694 27.1331 1 42.8
99019 115.9011 25.9433 1 36.6
99023 115.7344 25.2389 1 98.0
99041 114.8122 25.7261 1 63.0
99044 114.8178 25.4003 1 86.2
99100 115.1694 24.7450 1 67.2
99105 115.3581 25.5353 1 84.6
99139 115.1228 25.8567 1 94.0
99175 115.7561 26.4011 1 0.6
99218 115.1481 26.2439 1 41.8
99220 114.7519 24.9367 1 105.8
99223 114.7528 24.6392 1 66.8
99254 114.5542 26.1269 1 71.4
99291 114.1025 25.4794 1 117.0
99686 115.3450 26.5456 1 72.0
99805 114.5422 24.9639 1 99.0
99841 114.6833 25.9667 1 9999
57598 114.5833 29.0333 1 9.0
58510 116.2333 29.7333 1 16.2
58712 116.7833 27.9167 1 52.0
58718 116.5333 27.2167 1 55.4
90003 116.1800 28.7156 1 7.8
90305 116.2256 28.5286 1 21.6
90309 116.4517 28.2703 1 32.6
91030 115.6264 29.2433 1 13.4
91033 116.4750 29.5558 1 24.8
91034 116.4031 29.5164 1 20.2
91053 114.6433 29.3158 1 6.8
91054 115.1000 29.2333 1 20.0
91065 114.6167 28.8333 1 6.4
91080 115.8572 29.1347 1 28.6
91083 116.7333 29.9167 1 18.4
91151 115.7761 29.4128 1 18.4
91155 115.6572 29.1597 1 6.2
91164 116.2292 29.5814 1 15.0
91179 114.6808 28.7372 1 6.6
91298 115.0808 29.2572 1 18.0
92012 116.7839 28.8831 1 13.6
92037 118.3869 28.5753 1 37.4
92047 117.5500 28.1667 1 40.4
92048 117.5156 28.2875 1 32.2
92065 118.2814 28.3428 1 28.4
92075 117.0144 28.6222 1 9999
92076 117.0744 28.7556 1 15.0
92089 117.5392 28.0533 1 41.0
92110 118.0333 28.3167 1 61.2
92117 117.8833 28.7000 1 38.8
92120 117.9642 29.1042 1 27.8
92125 117.9167 29.0000 1 34.0
92138 118.0328 28.3925 1 64.6
92140 118.0439 28.4969 1 46.8
92184 118.0833 28.2167 1 51.4
92192 118.2581 28.4281 1 40.6
92193 118.2511 28.3883 1 36.4
92210 117.5558 29.1836 1 36.2
92214 117.6847 29.2219 1 22.8
92230 117.5711 28.7781 1 17.2
92252 116.7667 29.1108 1 22.0
92396 117.6761 28.245 1 38.0
92403 118.0167 29.2 1 40.4
93040 117.0708 29.0189 1 9999
94006 117.1025 28.3986 1 22.4
94037 117.0333 28.2633 1 23.0
95006 114.4608 27.9622 1 39.2
95012 115.2889 27.9836 1 39.2
95025 114.8722 28.6361 1 3.2
95045 114.4744 27.7017 1 25.8
95080 115.4925 28.0214 1 36.4
95117 115.7139 28.1028 1 44.4
95120 115.9819 28.2014 1 35.4
95150 114.1456 27.8569 1 35.0
95263 115.2186 28.945 1 9999
96010 116.4236 28.2164 1 37.8
96020 116.6717 27.7950 1 56.8
96046 116.3908 27.5214 1 21.2
96131 116.3081 27.4919 1 42.0
96311 116.3806 28.0028 1 47.6
96433 116.1489 28.0567 1 46.8
97013 115.2081 27.8556 1 54.0
97210 113.6519 27.4356 1 20.4
98005 114.7950 26.6417 1 51.6
98012 115.5339 27.0036 1 73.0
98015 115.6094 27.7075 1 64.4
98025 114.5139 27.1644 1 19.8
98062 114.1358 27.3514 1 4.2
98146 115.1206 27.6542 1 38.8
98164 115.1100 26.7500 1 59.2
98169 114.1414 26.9122 1 22.0
98190 115.0444 27.1861 1 44.2
99020 115.9742 25.6489 1 144.4
99037 114.8944 26.0011 1 68.4
99051 114.5972 25.7942 1 60.6
99086 116.1911 26.3944 1 9999
99135 116.2069 26.0306 1 121.4
99178 115.4847 26.3017 1 38.6
99191 115.7681 25.9942 1 62.8
99217 115.1625 26.0097 1 93.8
99251 115.7742 25.5106 1 133.0
99281 115.6406 24.7297 1 45.6
99293 114.7922 25.2597 1 106.0
99296 115.1864 25.2781 1 126.0
99297 115.1594 25.3550 1 113.6
99656 114.4600 24.5450 1 83.8
99716 115.44 25.7533 1 161.2
99815 115.4042 25.6364 1 93.8
57891 114.2500 26.9333 1 21.6
58508 115.7667 29.3333 1 14.4
58605 115.3833 28.4167 1 9.0
58620 117.1333 28.9667 1 19.4
58710 116.0500 27.7667 1 61.4
59091 114.5333 24.7500 1 72.4
90001 116.0667 29.0500 1 6.2
90025 115.9675 28.6961 1 14.8
90035 116.0747 28.6719 1 12.8
90036 115.7861 28.8928 1 7.6
91008 115.9850 29.6742 1 20.8
91025 114.9814 29.1617 1 9999
91029 115.5436 29.4411 1 11.8
91032 115.7119 28.9397 1 7.6
91046 116.3353 29.7158 1 16.8
91092 116.4000 29.3667 1 25.2
92101 116.4000 28.7333 1 0.8
92122 117.9267 29.0867 1 25.2
92164 117.3433 28.3147 1 37.4
92198 116.9672 28.7353 1 4.4
92205 118.0181 29.5339 1 4.0
92218 117.6811 29.2742 1 44.6
92220 117.6006 28.1453 1 42.8
92236 116.8033 29.0194 1 17.8
92249 116.5806 29.2911 1 9999
92250 116.6714 29.1850 1 23.4
92397 117.685 28.3228 1 45.2
92409 118.0833 28.6811 1 48.6
93013 117.2131 29.1000 1 20.4
93022 117.3139 29.3875 1 47.4
93029 117.1411 29.6561 1 27.6
93033 117.2017 28.9781 1 23.2
94009 117.1194 28.0906 1 64.8
94027 117.2514 28.1167 1 51.2
95004 114.2872 27.6936 1 41.4
95014 116.0472 28.2611 1 1.2
95042 114.1622 28.0558 1 16.6
95043 114.3061 27.8042 1 0.4
95061 114.9792 28.2619 1 15.8
95073 114.2000 28.5833 1 3.4
95075 115.6528 28.2750 1 14.8
95108 115.3292 28.3500 1 9999
95128 114.3919 28.2567 1 8.2
95141 114.9639 28.7519 1 2.2
95239 114.8917 28.0533 1 43.2
95250 114.1694 28.7403 1 12.6
96094 116.5283 26.5894 1 1.2
96101 116.4831 27.0308 1 0.8
96125 116.6825 27.3103 1 53.0
96344 115.9222 27.3094 1 70.4
96356 116.9564 27.2664 1 78.4
97014 114.7719 27.7731 1 36.0
97027 115.0300 27.9100 1 42.0
97211 113.7414 27.6369 1 27.6
97221 113.7136 27.6819 1 43.6
97243 114.1672 27.4614 1 47.2
98007 114.2344 26.4817 1 9999
98010 114.9139 27.1856 1 44.2
98022 114.9961 27.4011 1 12.6
98078 114.7019 26.3622 1 36.2
98087 114.8456 26.9419 1 37.4
98113 114.5022 26.9806 1 14.4
98139 115.3392 27.7503 1 44.0
98205 113.9128 26.6328 1 9999
98431 114.7508 26.5669 1 56.2
99001 114.8414 25.8958 1 70.4
99012 115.2044 25.2633 1 9999
99046 115.2556 24.8211 1 63.2
99071 115.5272 24.9331 1 53.0
99073 115.8106 24.9361 1 48.0
99107 114.9181 25.2514 1 101.0
99118 114.7997 25.9061 1 73.2
99126 115.8647 26.4422 1 56.2
99169 114.4356 25.9897 1 48.6
99224 114.9619 24.6781 1 9999
99229 115.7847 26.7333 1 9999
99234 115.9778 26.2122 1 54.8
99288 114.2164 25.7592 1 68.6
99636 114.9486 25.7383 1 104.0
99654 115.5564 25.3483 1 113.0
99715 115.7364 26.0478 1 62.4
99826 116.0511 26.6156 1 104.2
99830 116.2536 26.0886 1 101.4
99839 115.6192 24.7175 1 43.8
