diamond 3 ZDZData
17 01 01 00 -1
0
1 25 0
1 375
54398 116.62 40.13 1 11.5
54399 116.3 40 1 24.3
54406 115.97 40.45 1 2.4
54410 116.1 40.6 1 1.5
54412 116.6 40.7 1 0
54416 116.87 40.38 1 3.4
54419 116.63 40.37 1 3.6
54421 117.1 40.7 1 0.5
54424 117.12 40.17 1 4.4
54431 116.63 39.92 1 34
54433 116.5 40 1 22.8
54499 116.22 40.22 1 18
54501 115.7 40 1 11.4
54505 116.12 39.92 1 31.4
54511 116.47 39.8 1 24.7
54513 116.2 39.9 1 28.8
54514 116.3 39.9 1 26.6
54594 116.35 39.72 1 52.1
54596 116.13 39.68 1 31.6
54597 115.7 39.7 1 20.2
A1001 116.3906 39.9 1 18.4
A1003 116.4433 39.9314 1 17.6
A1006 116.3544 39.9331 1 16.6
A1007 116.3967 39.9819 1 12
A1008 116.4614 39.9756 1 17.3
A1009 116.475 39.8531 1 39.9
A1010 116.3058 39.8619 1 30.7
A1013 116.3144 39.9444 1 18.7
A1014 116.4283 39.9053 1 22.2
A1015 116.3506 39.8714 1 17.8
A1016 116.4047 39.8844 1 20
A1017 116.3906 40.0225 1 13.2
A1018 116.4819 39.9444 1 23.6
A1019 116.2117 39.9156 1 18.8
A1020 116.3889 39.8719 1 18.1
A1021 116.2814 39.8067 1 38.4
A1022 116.1661 39.8789 1 26.5
A1023 116.3983 39.83 1 31
A1024 116.2911 39.9453 1 18.3
A1029 116.3058 39.9139 1 18.5
A1030 116.4278 39.8731 1 30.9
A1031 116.1714 39.9642 1 31.8
A1032 116.195 39.9967 1 30.3
A1033 116.1811 40.1358 1 4.2
A1034 116.3211 40.0153 1 17.3
A1035 116.3422 39.8158 1 23.7
A1036 116.1575 39.9333 1 31.2
A1037 116.1592 39.8089 1 32.8
A1038 116.4808 39.9075 1 33.9
A1039 116.6217 39.9719 1 22.5
A1040 116.4408 40.0272 1 9.7
A1041 116.5911 39.8306 1 32
A1042 116.4094 39.9683 1 13.3
A1043 116.2356 39.9042 1 28.2
A1045 116.2664 40.0039 1 18.4
A1046 116.3414 39.8461 1 17.3
A1047 116.3914 39.8564 1 17.7
A1048 116.4806 39.9256 1 28.9
A1049 116.35 39.9069 1 15
A1050 116.0903 40.08 1 26.2
A1051 116.0986 40.1114 1 17.8
A1052 116.5486 39.9075 1 31.7
A1053 116.2719 39.8669 1 32.3
A1054 116.235 40.0656 1 25.7
A1060 116.3842 39.9067 1 17.5
A1061 116.3333 39.9844 1 18.2
A1065 116.2769 39.9089 1 23.9
A1066 116.1139 39.8572 1 27.8
A1067 116.0717 39.8689 1 29.4
A1068 116.2103 39.9681 1 0.1
A1069 116.2039 40.0375 1 26.6
A1070 116.2164 39.8456 1 29
A1072 116.5264 39.8761 1 19.2
A1073 116.5556 40.0033 1 23.8
A1074 116.3214 39.9472 1 17.8
A1076 116.3944 39.9156 1 18.9
A1078 116.1939 39.8719 1 27.8
A1079 116.1983 39.8792 1 32.9
A1080 116.1244 39.9308 1 26.5
A1081 116.12 39.9667 1 32.6
A1085 116.5244 40.0581 1 15.5
A1086 116.5056 40.0236 1 17.9
A1087 116.51 39.9681 1 21.7
A1088 116.4753 39.8319 1 29
A1089 116.4972 39.8714 1 30
A1090 116.5453 39.9319 1 35.4
A1091 116.5614 39.8842 1 27.7
A1092 116.6133 39.9089 1 25.4
A1093 116.6217 39.9361 1 30.6
A1094 116.5628 39.9486 1 42.3
A1095 116.3508 39.81 1 21.7
A1099 116.3902778 39.9905556 1 9999
A1102 116.1981 39.8906 1 40
A1103 116.1011 39.5237 1 29.7
A1201 116.7764 39.6769 1 0.1
A1202 116.7144 39.8478 1 28.7
A1203 116.5553 39.7472 1 32.2
A1204 116.8636 39.8381 1 13.9
A1205 116.7511 39.9236 1 20.6
A1208 116.6978 39.6867 1 33.4
A1209 116.7689 39.7717 1 16
A1212 116.6094 39.8375 1 35.6
A1213 116.6861 39.9072 1 26.7
A1214 116.6789 39.9572 1 29
A1215 116.7236 39.7581 1 20.1
A1216 116.72361 39.75806 1 9999
A1218 116.7875 39.8428 1 17.5
A1219 116.6281 39.8428 1 33.9
A1251 116.6464 39.6192 1 19.9
A1252 116.3211 39.5222 1 38.3
A1253 116.5031 39.6933 1 36.2
A1254 116.325 39.6028 1 65.3
A1255 116.5106 39.6156 1 37.5
A1256 116.5681 39.6978 1 31.6
A1257 116.4425 39.7631 1 20.4
A1258 116.4086 39.6283 1 37.1
A1259 116.4144 39.5414 1 40.1
A1260 116.3281 39.7878 1 33.1
A1261 116.2508 39.6636 1 48.2
A1265 116.3475 39.4578 1 31.4
A1266 116.3272 39.55 1 49.2
A1267 116.2431 39.5925 1 46.2
A1268 116.4364 39.81 1 50.5
A1270 116.2528 39.7353 1 30.8
A1309 115.7289 39.5794 1 22.2
A1310 115.8828 39.8203 1 25.8
A1311 115.8911 39.6194 1 31.1
A1312 115.5247 39.7822 1 12.4
A1313 115.9069 39.6697 1 41.9
A1314 116.1289 39.7433 1 34.8
A1315 115.8319 39.7678 1 21.5
A1316 116.11 39.6072 1 29
A1317 115.6681 39.8528 1 14.9
A1318 115.6025 39.635 1 6.6
A1319 116.0333 39.7761 1 37.9
A1320 115.7708 39.885 1 7.8
A1321 116.0083 39.705 1 33.1
A1322 115.8206 39.5519 1 33.9
A1323 116.1106 39.6467 1 33
A1324 116.1906 39.6903 1 48
A1327 115.8747 39.5828 1 35.3
A1328 115.715 39.8356 1 11.6
A1329 115.5808 39.8128 1 15.8
A1330 115.8419 39.6331 1 41.6
A1331 116.0244 39.6097 1 37.5
A1332 115.8594 39.7903 1 14.3
A1333 115.8558 39.6892 1 35.7
A1334 116.0131 39.8292 1 26.7
A1335 115.9133 39.7314 1 27.7
A1336 115.8369 39.7206 1 27.5
A1337 115.8264 39.6069 1 39.4
A1338 115.7053 39.875 1 11.3
A1339 116.1383 39.6772 1 38.7
A1344 115.9853 39.6567 1 31
A1345 116.0808 39.6831 1 33.2
A1346 115.9219 39.805 1 16.4
A1351 115.4961 40.0489 1 9.4
A1352 116.0233 40.0681 1 12.2
A1353 115.6203 39.9428 1 12.7
A1354 116.105 39.9378 1 32.5
A1355 115.7672 39.995 1 3.1
A1356 116.0228 39.8772 1 26.8
A1357 115.945 39.9728 1 13.7
A1358 115.8778 40.0319 1 6.7
A1359 115.5003 39.9394 1 4.2
A1360 115.5839 39.8672 1 9.8
A1361 116.0531 39.9842 1 20.2
A1362 115.7136 40.07 1 7.2
A1363 116.1311 40.0144 1 20.9
A1364 115.8603 40.13 1 14.5
A1365 115.8936 40.0731 1 7.5
A1366 115.6394 39.9958 1 22.8
A1367 115.7836 39.94 1 13.3
A1368 115.5661 39.8831 1 1.5
A1369 115.9994 39.9753 1 14.8
A1370 115.815 40.1269 1 7.9
A1371 116.085 40.0089 1 34.4
A1372 115.59 39.9025 1 0
A1373 115.76 40.0364 1 9999
A1374 115.6472 39.9206 1 11
A1375 115.5719 39.9872 1 6.8
A1376 115.7483 40.0908 1 0
A1377 115.6828 39.9464 1 14.6
A1378 116.0489 39.9058 1 21.3
A1379 115.9064 39.9517 1 10.5
A1380 116.0889 39.9739 1 29.5
A1381 116.1094 39.9142 1 26.5
A1401 116.3836 40.1831 1 11.8
A1402 116.3028 40.3678 1 7.4
A1403 116.0672 40.2883 1 6.1
A1404 116.03 40.1983 1 9.8
A1405 116.3322 40.2267 1 20.7
A1406 116.1778 40.2567 1 22.6
A1407 116.2453 40.2939 1 13.3
A1408 116.4531 40.2208 1 21.3
A1409 116.2856 40.1472 1 14.8
A1410 115.9756 40.1019 1 6.1
A1411 116.2658 40.2436 1 16.2
A1415 116.3458 40.1733 1 14.2
A1416 116.4192 40.1172 1 9.5
A1417 115.9461 40.2136 1 5.5
A1418 116.1561 40.1944 1 19.9
A1419 116.2417 40.275 1 12.7
A1421 116.3578 40.2022 1 12.4
A1422 116.07 40.1719 1 19.4
A1423 116.4206 40.3103 1 15.5
A1424 116.3294 40.1269 1 14.9
A1425 116.0081 40.1603 1 11.4
A1426 115.875 40.1556 1 15
A1427 116.0006 40.2003 1 10
A1428 116.2392 40.1194 1 11.9
A1429 115.9436 40.155 1 5.9
A1430 116.1536 40.3236 1 9.8
A1431 116.06 40.22 1 13.9
A1432 116.2069 40.3181 1 11.4
A1433 116.4217 40.275 1 19.8
A1434 116.3225 40.3086 1 19.6
A1435 116.4375 40.23 1 20.7
A1436 116.215 40.365 1 14
A1437 116.3228 40.26 1 12.3
A1438 116.1003 40.2436 1 11.6
A1439 116.3338889 40.07305556 1 9999
A1440 116.3911111 40.065 1 9999
A1441 116.3319 40.1911 1 16.4
A1442 116.2119 40.2219 1 0.7
A1443 116.1489 40.1469 1 32.2
A1444 116.3339 40.0731 1 15.2
A1445 116.3911 40.065 1 13.5
A1451 115.8939 40.4558 1 1.7
A1452 116.4061 40.5297 1 0.3
A1453 115.6078 40.2347 1 1.9
A1454 116.005 40.5461 1 1.2
A1455 116.2225 40.4361 1 10.7
A1456 116.4869 40.5969 1 0
A1457 116.1775 40.6531 1 0.2
A1458 115.8647 40.4417 1 0.5
A1459 116.0683 40.4442 1 8
A1460 116.1689 40.5242 1 5.1
A1461 115.8886 40.5442 1 0
A1462 116.3239 40.6931 1 0.4
A1463 116.1983 40.5814 1 1.7
A1464 115.7822 40.4517 1 3.1
A1465 116.2631 40.705 1 0
A1466 116.0642 40.5311 1 0.8
A1468 115.9975 40.3572 1 9.1
A1469 115.8139 40.5044 1 1.3
A1470 115.8497 40.4078 1 1
A1471 115.9397 40.5197 1 0.4
A1473 116.3197 40.63 1 0.2
A1474 116.4281 40.7517 1 0.8
A1475 116.3439 40.5381 1 3.3
A1476 116.2383 40.4156 1 14.8
A1477 116.4811 40.6683 1 0
A1478 116.0931 40.4061 1 14.8
A1479 116.0094 40.4881 1 3.3
A1480 116.4203 40.5547 1 0.3
A1481 115.9008 40.4122 1 3.2
A1482 115.9719 40.4772 1 1.4
A1483 116.2539 40.4397 1 6.9
A1484 116.3581 40.5217 1 2.4
A1485 116.1814 40.4269 1 11.7
A1486 116.0889 40.5947 1 1.1
A1487 115.8694 40.4669 1 1.2
A1488 116.0967 40.5078 1 2.7
A1489 115.7825 40.5203 1 0.5
A1490 115.8014 40.5414 1 9999
A1491 115.8292 40.5542 1 9999
A1492 115.8194 40.5433 1 9999
A1496 115.5742 40.312 1 9999
A1501 117.3286 40.1819 1 3
A1502 116.9975 40.0439 1 8.6
A1503 117.0425 40.3017 1 4.9
A1504 117.2217 40.1453 1 3.4
A1505 117.1678 40.1983 1 3.6
A1506 117.2331 40.2056 1 2.7
A1507 117.1619 40.3506 1 2.1
A1508 116.9364 40.2044 1 6.7
A1509 117.1492 40.1275 1 4.6
A1510 117.2106 40.2503 1 2.7
A1511 117.2275 40.3331 1 2.5
A1513 116.9964 40.1169 1 10.7
A1514 117.1428 40.0761 1 5.5
A1515 117.2928 40.2164 1 2
A1517 117.1675 40.2994 1 2.6
A1518 117.0364 40.1583 1 6.9
A1519 117.1064 40.2572 1 3
A1520 117.3233 40.2411 1 1.3
A1521 117.2725 40.2781 1 1.8
A1522 116.9831 40.2561 1 4.4
A1523 117.2303 40.3558 1 1.9
A1524 117.0214 40.3186 1 4.4
A1525 117.1581 40.2272 1 2.6
A1526 117.1089 40.2214 1 3.3
A1527 117.355 40.2183 1 1.4
A1530 117.0886 40.1208 1 7.2
A1531 117.0319 40.2178 1 6.2
A1551 116.6592 40.1667 1 14.6
A1552 116.6864 40.1817 1 11.3
A1553 116.9147 40.0867 1 14.5
A1554 116.8511 40.2314 1 5.7
A1555 116.8072 40.1386 1 10.8
A1556 116.6375 40.0758 1 15.6
A1557 116.7228 40.1972 1 10.2
A1558 116.5897 40.1208 1 11.1
A1559 116.75 40.0869 1 16.5
A1560 116.5372 40.1111 1 15.2
A1561 116.5794 40.1817 1 6.4
A1562 116.5072 40.2097 1 6.2
A1563 116.8622 40.2644 1 4.8
A1568 116.5714 40.0581 1 10.1
A1569 116.6508 40.2061 1 6.9
A1570 116.6508 40.2439 1 6.2
A1571 116.7053 40.1331 1 13.2
A1572 116.6622 40.1225 1 13.4
A1573 116.7675 40.2436 1 6.6
A1574 116.8208 40.0658 1 15.6
A1575 116.9131 40.1503 1 11.7
A1601 116.6786 40.2947 1 4.2
A1602 116.4539 40.3597 1 6.6
A1603 116.6842 40.3906 1 2.4
A1604 116.6575 40.6033 1 0.3
A1605 116.7606 40.7994 1 0
A1606 116.4611 40.4139 1 5
A1607 116.5647 40.6933 1 0.1
A1608 116.55 40.2847 1 9
A1609 116.6206 40.3022 1 2.9
A1610 116.6153 40.9011 1 0
A1617 116.4869 40.8025 1 0
A1618 116.5567 40.3931 1 8.5
A1619 116.6025 40.5831 1 0.3
A1620 116.7047 40.845 1 0
A1621 116.6306 40.3203 1 2.8
A1622 116.3367 40.4072 1 3
A1623 116.5325 40.4694 1 6.9
A1625 116.64861 40.40028 1 9999
A1626 116.6992 40.3264 1 3.9
A1627 116.7617 40.7597 1 0
A1628 116.6472 40.9444 1 0
A1629 116.5211 40.8408 1 0
A1630 116.6558 40.4925 1 0.9
A1631 116.6011 40.4672 1 1.7
A1632 116.6683 40.3956 1 2.7
A1633 116.6228 40.2711 1 3.6
A1651 117.1211 40.5364 1 0.2
A1652 116.9706 40.5647 1 0.6
A1653 117.3289 40.6419 1 0
A1654 117.1156 40.4 1 1.8
A1655 116.8481 40.4744 1 4.5
A1656 116.8697 40.6192 1 9.5
A1657 116.9614 40.2928 1 5.7
A1658 116.675 40.5528 1 0.3
A1659 116.7542 40.6506 1 0
A1660 116.8056 40.5614 1 1.3
A1661 116.8569 40.7617 1 0.1
A1662 117.1744 40.5081 1 0.6
A1663 116.9903 40.435 1 4.2
A1664 117.1578 40.6853 1 0.4
A1665 117.3553 40.5983 1 0
A1666 116.7375 40.4617 1 2.3
A1667 116.7636 40.5556 1 1.1
A1669 116.8039 40.7256 1 0
A1670 116.9417 40.3806 1 5.7
A1671 116.8836 42.6531 1 6.3
A1672 116.8406 40.6022 1 3.7
A1673 116.7989 40.605 1 0.2
A1674 116.9919 40.6239 1 3.8
A1675 116.8211 40.3308 1 6
A1676 116.8083 40.3792 1 6.2
A1677 116.7831 40.3519 1 6.7
T0001 116.18 40.09 1 9999
T0002 116.3 40.01 1 9999
T0003 116.12 40.05 1 9999
T0004 116.26 40.03 1 9999
T0005 116.09 40.07 1 9999
T0006 116 39.99 1 9999
