diamond 17 江西站点信息  86
57598 2902 11435 147.4 6 1 修水
57694 2832 11423 256.2 6 1 铜鼓 
57696 2824 11447 88.4 6 1 宜丰 
57698 2807 11427 99.5 6 1 万载 
57699 2814 11455 66.6 6 1 上高 
57786 2739 11351 110.0 6 1 萍乡 
57789 2708 11357 181.4 6 1 莲花 
57792 2749 11441 96.1 6 1 分宜 
57793 2748 11423 128.2 6 1 宜春 
57796 2748 11456 79.0 6 1 新余 
57798 2724 11436 85.7 6 1 安福 
57799 2707 11458 78.0 6 1 吉安 
57883 2643 11358 259.2 6 1 宁冈 
57891 2656 11415 144.6 6 1 永新 
57894 2635 11410 838.1 6 1 井冈山 
57895 2628 11440 96.8 6 1 万安 
57896 2620 11430 125.3 6 1 遂川 
57899 2648 11455 61.8 6 1 泰和 
57990 2542 11418 247.2 6 1 崇义 
57991 2548 11433 140.8 6 1 上犹 
57992 2540 11445 127.0 6 1 南康 
57993 2551 11457 124.7 6 1 赣州 
57994 2524 11421 213.7 6 1 大余 
57995 2524 11456 163.5 6 1 信丰 
58502 2944 11600 37.1 6 1 九江 
58503 2941 11540 22.8 6 1 瑞昌 
58506 2935 11559 1165.3 6 1 庐山 
58507 2917 11506 76.5 6 1 武宁
58508 2920 11546 42.9 6 1 德安 
58509 2903 11549 36.8 6 1 永修 
58510 2944 11614 40.9 6 1 湖口 
58512 2954 11633 25.1 6 1 彭泽 
58514 2927 11603 35.6 6 1 星子 
58517 2916 11612 35.9 6 1 都昌
58519 2900 11641 40.8 6 1 波阳 
58527 2918 11712 62.9 6 1 景德镇 
58529 2916 11751 82.0 6 1 婺源 
58600 2852 11522 79.5 6 1 靖安 
58601 2842 11523 53.3 6 1 奉新 
58602 2851 11533 38.9 6 1 安义 
58605 2825 11523 45.7 6 1 高安 
58606 2836 11555 45.7 6 1 南昌
58607 2823 11556 45.7 6 1 南昌县 
58608 2804 11533 30.4 6 1 樟树 
58609 2813 11549 26.9 6 1 丰城 
58612 2842 11641 22.0 6 1 余干 
58614 2823 11616 31.1 6 1 进贤 
58615 2841 11705 55.5 6 1 万年 
58616 2812 11649 41.0 6 1 余江 
58617 2800 11622 47.3 6 1 抚州 
58618 2814 11636 51.3 6 1 东乡 
58620 2858 11708 35.0 6 1 乐平 
58622 2857 11735 77.1 6 1 德兴 
58624 2824 11726 59.5 6 1 弋阳 
58625 2825 11736 79.2 6 1 横峰 
58626 2818 11713 51.7 6 1 贵溪 
58627 2815 11702 54.6 6 1 鹰潭
58629 2819 11742 57.5 6 1 铅山 
58634 2841 11815 113.7 6 1 玉山 
58635 2826 11812 96.1 6 1 广丰 
58637 2827 11759 114.9 6 1 上饶 
58693 2841 11540 37.9 6 1 新建 
58701 2746 11524 44.5 6 1 新干 
58704 2734 11510 49.5 6 1 峡江 
58705 2720 11525 87.7 6 1 永丰 
58706 2726 11550 184.8 6 1 乐安 
58707 2713 11508 115.08 6 1 吉水 
58710 2746 11603 75.6 6 1 崇仁 
58712 2755 11647 128.8 6 1 金溪 
58713 2743 11704 220.6 6 1 资溪 
58714 2733 11613 88.3 6 1 宜黄 
58715 2735 11639 81.9 6 1 南城 
58718 2713 11632 106.5 6 1 南丰 
58712 2718 11656 130.6 6 1 黎川 
58804 2621 11521 148.8 6 1 兴国 
58806 2629 11601 210.1 6 1 宁都 
58813 2651 11620 141.6 6 1 广昌 
58814 2621 11621 230.7 6 1 石城 
58903 2552 11602 194.1 6 1 瑞金 
58905 2558 11525 132.6 6 1 于都 
58906 2536 11548 167.9 6 1 会昌 
58907 2509 11524 288.3 6 1 安远 
59091 2445 11432 253.4 6 1 全南 
59092 2455 11449 206.5 6 1 龙南 
59093 2447 11502 251.5 6 1 定南 
59102 2457 11539 302.7 6 1 寻乌 
